0.031158121108319163 0.22646922654793816 0.012908967187781631 0.028839350120761054 2.7028005587995834E-4 0.07526487162038646 0.03008456800806375 0.030727971495031123 0.02014782350255306 0.05732242108324801 0.06702542582034855 0.0523899335538444 0.048505152033074504 0.06582474311485605 0.253061144747914 
2.8419982564787245E-4 0.19842530252764992 0.0026562411137697702 0.032957081063333574 0.03967553549464248 0.10372227729357235 0.3171372433386842 0.0049226609059805915 0.034945489558712385 0.011235730180185545 0.08225442796001561 8.902831603752057E-4 0.14856416560593863 0.022044850405424744 2.8451156606736056E-4 
0.01942074656215598 0.4402148721903448 0.011756882229252651 0.10979708528666814 1.623155346138364E-4 0.27217365486765416 0.001396017806805366 0.0013946288029995425 0.0013748525494008776 0.008789240735877616 1.6241125482280647E-4 0.11503522048239055 0.00389921615623883 0.010523987181485096 0.0038988683592898568 
0.04758668184732267 0.12757604563882904 0.007271417852019139 2.781656555272707E-4 0.016941389569824213 0.4795565029683561 0.02358147702814814 0.08878606547457543 0.00997724450289489 0.07331465587225634 2.7801575583289123E-4 0.07293688377896351 0.0024250491183391153 0.0034321634179497323 0.04605824151916137 
0.08211507872457266 0.010194853873807185 0.013093793493703793 0.09798205108078542 0.00874328010226302 4.26328478305516E-4 0.06381521907633224 0.04179825182694377 0.20840939842716538 0.43565690859257783 4.2601018825637105E-4 0.0066706545721630746 0.009174516300673497 4.259734039315095E-4 0.021067681858518622 
0.043956534973669116 0.2926633719430541 0.04692025186395713 0.03562387041863481 0.004381133710672969 1.4271183853321857E-4 0.06946274763167554 0.019316704449302766 1.4241513434401818E-4 0.001081468978733305 0.0012657935861895091 0.04901513833723268 0.2307077612671922 0.09779159661541859 0.10752849925138992 
0.008935724755104072 0.1377613048758397 0.005899192170835435 0.1060220155016792 2.8614502839680614E-4 0.26751255696655346 0.08769655193349318 0.11503243691758351 0.011530577503467936 6.645868818389578E-4 0.10459256846626111 0.08536803175924779 0.015365017582337421 0.006519984502187235 0.04681330515517403 
2.82711351196541E-4 2.832689903755309E-4 2.830171466151407E-4 2.8318400732909406E-4 0.009149515484090901 0.06270683479838736 0.01173713581933907 0.6546738212216708 0.05813418792697683 0.06260726467965734 2.8303140331307607E-4 2.8315131285816726E-4 2.8304670571273967E-4 0.018913470893947147 0.1200963582585302 
0.11507727404475022 0.0037168235089277144 0.014557777385182812 0.012144686563218626 0.07746865118552468 0.08446511752291486 2.5492002952764623E-4 2.546663902907623E-4 0.01891142100653911 0.5364996821215631 0.003866590766683988 0.0885187870544629 0.031938719512987206 0.012070159554723523 2.547233527026843E-4 
0.015490404330242284 0.003128830265297555 0.001972023981404703 0.13785921689043085 0.10371073133798409 2.1374109587563256E-4 0.13419839557142313 0.022495225798867244 2.132967187344186E-4 0.016967001439504126 0.09257533859264618 0.1553424504581542 0.08392795216724601 0.04732927996166287 0.1845761113905267 
0.009698807547694394 0.05109835794540496 0.03516421477601143 0.003928133834123496 0.0027378408333099437 0.06760965869360658 0.05696936970966979 0.1739098072027312 1.47170481376303E-4 0.016275997846981635 1.473669886922506E-4 0.4717217514013068 0.052496135348324806 0.05217052757538043 0.00592485981538604 
0.02643397944673214 0.16483633882876297 0.010649600269561466 2.7355398929155975E-4 0.13762491198990542 0.005908912434300037 0.004972137164164761 0.07833829549939711 0.21667111299131087 0.058675403782991284 0.034363373295472226 0.028540170857535328 0.018010273348147535 0.20738618302236464 0.007315753080062611 
3.382361828318925E-4 0.022984122072785225 0.05738763920894925 0.07527547396628102 0.021178649959811512 0.1455214228403504 0.0010789607583428346 0.025393166961288717 0.013216939751990484 0.28973286042021706 0.06011283792034753 0.11118970867213906 0.026822337359020294 0.01544998730549563 0.1343176566201492 
0.038559418453922224 0.09426654119813703 0.021323012148452 0.06890807760950503 0.035247524229562475 0.017932522512108095 0.3181402685790911 0.008960933718103354 0.028409653426967996 0.22402697303785268 0.042283283285774964 0.0388303534180694 0.0030650063546713686 0.04770866893676965 0.012337763091012591 
0.03733564618514822 0.0979073842221053 0.0049855072091256215 0.0027155368599827115 0.1256951885840665 0.22227435236672588 0.0031443444876644417 0.024310136087224935 0.02793105496395812 0.025135547024366097 0.012948765291189898 0.06987106119088887 0.07457337549280212 0.26369948349274513 0.0074726165420060725 
0.043082548260137916 0.11470790067244215 0.00845235314741582 0.00853464544960334 0.021258124183847447 0.04369035270291465 0.008459008259206851 0.054835671601851696 0.020674875681391376 0.03404378560217661 0.03341096064830731 0.022430108063982344 0.03810118842235936 0.4548979626636998 0.09342051464066335 
0.018990083603051152 0.10237897660986574 1.3744952059750748E-4 0.0048894277965050624 1.373754318662172E-4 0.14308906752985165 0.11744002762404293 0.0037535059829803146 1.3727315242923217E-4 0.14842174158915386 0.1156278764755856 0.25287213093681155 0.04400020791302981 0.0247452706981522 0.02337958513607727 
0.016478126639055537 0.004635704717113978 2.6286661907072773E-4 0.004634313967252091 0.08212124259534194 2.63076269257537E-4 0.1207619522126569 0.046590290464390886 0.01770337257210654 0.06046752721136067 2.628798607065445E-4 2.629912328162891E-4 2.628940735912101E-4 0.333445188837256 0.3118475727280232 
0.04143661016593084 0.22209528906929704 0.2811735713629586 0.03403652900339633 3.244484144085203E-4 0.018019076517789574 0.10234048584793456 7.939411637101171E-4 3.2420685446795755E-4 0.02995995400473087 0.011512826688190063 0.013006834310962846 0.0090442800900638 0.22856496205384252 0.007366984452316462 
0.18174135729143318 4.5547373318172884E-4 4.550687886886116E-4 0.00931019202674015 0.09065713840152398 4.5543173038465847E-4 4.554270952582155E-4 0.02699835355788478 0.575075281974217 0.02157793572242283 0.009310057734581446 0.027016782374271516 0.029022742622418603 0.009304371424981226 0.01816438552201216 
0.033939453108534155 0.10039426830327156 3.712947198430969E-4 0.0655270651579229 0.061793642239670495 0.05572962040166635 0.0829849858967748 3.712173452941195E-4 0.1010212403960964 0.41970920065168393 3.7131342343307047E-4 0.0068464732860559286 3.7133349889586126E-4 0.0438281897518472 0.026740701819010154 
0.06708021859388416 0.013667239666752247 0.07134005699745691 0.01673892748699038 0.09774067375117229 0.015104981302743884 0.09437286053806358 0.03742655090769383 0.017398714211831322 0.05362673313419406 0.0034275273448426684 0.05886656549862674 0.018907055441304152 0.03079095409185361 0.4035109410325901 
0.008693293277973713 0.10841233706118492 0.024083510298511638 2.3265318900410312E-4 0.2687006661773156 0.008161469958192618 0.12621319508314952 0.0469425476264731 0.010964527909808898 0.038388198268341944 0.13276540366873676 0.015028359525994484 0.001000199055437776 0.0980948211632493 0.11231881773662565 
6.924812832182521E-4 0.26555106200486533 0.10224183371942439 3.2827009209827684E-4 0.003579897469094744 3.283383239646349E-4 0.003982746504980615 0.033771739883297305 3.2765569414486804E-4 0.003955937287581628 0.009030016368197608 0.1705001949299123 0.03612311555704651 0.3637812411312907 0.005805469750882796 
0.013514491100268653 0.09047430235417997 0.0073522090297199446 0.01760588043600339 0.002591324040755297 0.3491804557818125 0.18037684626927386 0.017362610525143568 0.014749388442520711 0.1508473727554077 2.684605091191871E-4 0.051436889759583236 9.464808125540588E-4 0.007591682512301168 0.09570160567135684 
0.03132896264804796 0.2697895525087967 0.34196947641861897 2.7712477494202555E-4 0.010589980215554615 0.0855320361085312 0.0015106664170028662 0.08867062294967402 2.7660610175594594E-4 0.013797941436126678 0.013329860200755323 0.1047657050916222 0.01688436800314435 0.02100013142089756 2.769657045294946E-4 
0.02362205005212598 4.2927097963796487E-4 0.009568458205198608 0.4611135819983029 0.07698686328410173 0.08217911598343004 0.03643430671896155 0.04115504228112658 4.2833900225264395E-4 0.0473747473378808 0.001868459138926642 0.13692752086050552 0.004628662694071199 0.06866442724728414 0.00861915421619348 
0.28203101535640657 0.004891881196694599 0.03564744345660258 2.8222730582112056E-4 0.09597714282794198 2.822859675642307E-4 2.8228309461738606E-4 0.005653932034848016 0.16960473065117548 0.20015483895205993 2.820752173585534E-4 0.012771122521277982 0.04456084973570294 0.01179531414218107 0.13578285753974734 
0.03823638610887754 0.005891228616127273 3.59425745999697E-4 0.009148755915910928 0.029098168860140595 0.05997726200627253 0.0360862061156698 0.01001429355315252 0.3757441920038452 0.06204741143929423 0.009707194640034344 0.0035704132543992835 0.01835756835307106 0.1308604046883225 0.21090108869888252 
0.031064383008250332 0.02890969224806445 0.012635790354460986 0.11865926454788231 0.17818830692933818 0.24217968908845405 0.05557699741942631 0.041585268697530084 0.01038035258573015 0.044072678476685216 3.626890438333186E-4 0.1194908576663467 0.01100733337792184 0.001078230020381647 0.1048084665356943 
0.04376256011048106 0.08721307305431424 0.06483061465414833 0.29490580881950784 0.0339555366245033 2.8616201543010556E-4 0.024759259445922707 0.006444071449903851 0.041118646934449124 0.10509317014344385 0.007560053109868778 0.007638685050722024 0.10517170630503268 0.0791908206893639 0.09806983159290822 
0.0272243598506136 0.10002311412201982 0.030715843231024817 0.006967717538375481 0.3812705538541994 0.1921122134170361 0.12043642277744206 0.0032192649132284463 0.02855443505542844 0.02268607077463089 0.046721261912721856 0.025991447380336038 0.00471806505148373 0.009058969256143447 3.0026086531594737E-4 
0.003522796262314579 0.07366995388775065 0.21167534149937045 0.17300399778174663 0.06419855167560146 0.0497043142675365 0.01575215753934326 0.16602246024830458 0.041485442209183626 0.0074303708262078464 0.011621964022356102 0.06419065608076792 0.059752060176770906 0.039981852469531114 0.017988081053214353 
0.024923280680893757 0.21158915713475562 0.22411081458839885 0.037800407899410894 0.03853370500651529 2.2100133113599595E-4 0.07641857189768735 0.0010422036743836748 2.2054185964630348E-4 0.0010423287288535846 0.003051048378034626 0.16483621502995832 0.0030512133362729328 0.16741614469118052 0.04574336576287244 
1.8733236921681867E-4 0.07675137232486326 0.07219364315890744 0.0014025773215965672 0.06424462966297904 0.6137911846211954 0.04939143034523539 0.013710449855064864 0.009271251546405934 0.04596300832058865 1.8754444461106657E-4 0.001261529808390826 0.002334572915687766 0.0033416999185741834 0.04596777338668257 
0.004451758584458962 0.09048093359920392 0.011494579953809005 0.045392873303203955 0.1844789573922133 0.05477701077101655 0.12322778803995676 0.02754938256959063 0.0013451556927824345 0.03786923913579863 0.08659316316311606 0.12988524938815155 0.07647579335596674 0.10943107406102313 0.016547040989708238 
0.03832559985900866 0.009494223949679593 2.748409916351021E-4 0.023809380908923157 0.07919384499432144 0.024902563483415976 0.04278885271417082 0.07108788591550037 0.026151748036876546 0.11874673475864858 0.00570748395719435 0.13206394754263748 0.08403966819832111 0.032137657223477244 0.31127556746618956 
0.029500618489962396 0.10424846746604566 0.009519575921933572 0.007285046986629532 0.08163478194760346 0.0035248009561246758 0.0770687454128908 0.012611989809437502 0.007834939857146068 0.09537185522878856 0.15411901787965462 0.03709084504800634 2.373771861165144E-4 0.2789742955131593 0.10097764229650111 
0.01699884829179484 0.10875821668631507 0.08509915986402745 0.06807654133404924 0.08942634442167496 2.3403474021606787E-4 0.014884682452095588 0.02950360702140758 2.335481716955393E-4 0.3060557907964499 0.009992207984773481 0.03093615221842211 0.021690700304597927 0.048630239842775654 0.16947992586970462 
3.088041408018584E-4 0.3133309916843862 0.058621019135539604 0.11048003535882145 3.0897152634539886E-4 0.019686877545676756 0.10722825428153392 0.008039428677385151 0.019721094210670826 8.135279533266214E-4 0.023816974618386763 0.0013186864697548525 0.17766121190015147 0.15835497962738326 3.0914286983581805E-4 
8.692017940137429E-4 0.2032068900052019 0.15585822297448357 0.09856231778586216 0.018721407943463973 0.2744991556032075 0.02477378572488221 8.699606383207322E-4 0.018664075776574033 0.07152144228040132 3.224277463918669E-4 0.028918725287386714 0.021015439168721232 0.0641810148934751 0.018015932377614167 
0.08128947146388106 0.00318846948490868 0.043589478557131245 0.05319351220402431 4.122504634587543E-4 0.1634673857375872 0.036377339654457025 0.13010140768298822 4.1194353270172893E-4 0.05528894897420275 0.0025252309184740493 0.42242793182415095 0.002525367447821342 0.004788782972815755 4.1247908139702003E-4 
0.008128022160839547 0.007933919979812291 0.2538456542289615 0.007172657266485482 0.1110400362136772 0.11635894896251983 0.0059509356622035065 0.230679532877781 2.1408896068259847E-4 0.005241049212303447 0.13141618327826451 0.10290360931530639 2.143864103641753E-4 0.018686608182980378 2.143672878184024E-4 
0.02409543532625401 0.06837242763602046 0.043145853409594766 4.505195261056511E-4 0.13667560387963645 4.5061316786235373E-4 0.05421559396715588 0.0104199080676335 0.04174220730616263 0.039101706104923334 4.5027674725091734E-4 0.021112827905951547 4.5030109195141714E-4 0.5527044033392869 0.0066123225242102 
0.033131268767628785 0.0035563857056551355 0.30936778327512193 0.04555548636065798 0.011592261484046367 0.03541989963958805 0.06545974264830891 0.02450870134756093 2.7633132666886063E-4 0.060183969738644705 0.07634918221737405 0.01586506834316345 2.7671525428878694E-4 0.06385326126788904 0.2546039426234031 
0.05990160450381972 0.32676278317590274 0.00430191609860526 0.029388334516319607 1.9383308888299105E-4 0.11829504852843789 0.022102153246244146 0.01656055402013192 0.0011031821723761995 0.02614647523875585 0.1403084041962975 0.065234434313324 0.11725252672069274 0.06609274800149795 0.006356002178711424 
0.013270829088263469 0.06371296707395155 0.4188623279362703 0.04723726316595662 0.012528137428383908 0.005422000211411555 0.22978186322159858 0.025973224273253097 1.7740565599801044E-4 0.010987532885753274 0.07896848546119418 0.02804300454583943 0.044538183824806954 0.010931511761149485 0.009565263466169703 
0.040888805765994886 0.01546740801169946 0.23081872441121157 0.041216461224322556 0.055363931209372594 0.021412694193316536 0.0028197300377345766 0.052673109126211204 0.014892399679767155 0.08581201262394744 0.027115200936719108 0.0803970091658063 0.248725547843638 0.03043027231349756 0.05196669345676099 
0.026450949547460172 0.03310265568383826 0.47303694653156264 0.19003220795681694 0.019747715571474932 0.044542798224235874 0.006559158453837524 0.012961839859786167 2.6412108627295875E-4 0.02091169176135049 0.06811872744754187 0.019630004627691176 0.06069150776046024 0.0030295289852507023 0.02092014650242008 
0.004824665792168262 3.037708206891071E-4 0.03420497477876946 0.1233524829381609 0.25589912985078855 0.06148321163640793 0.005968843087146409 0.02276159217574929 0.0025621910045395997 0.07388536947458954 0.35683854676972365 0.012062683250316673 0.024955643830666768 3.034898306332763E-4 0.020593404759650706 
0.045031481103851155 0.046984489115492405 0.04740930825841523 0.034069159435500276 0.1956604713843393 0.03324541765868298 0.22912694377388845 0.016621135504275734 0.027986131056489817 0.03920734983738337 0.007314814034312588 0.09714604595120557 0.04068699614068768 0.07893963462537978 0.06057062212009575 
0.017522485589771406 0.0992516312792399 0.08694626640811433 0.008341203890387804 1.4668509365364576E-4 0.08306964717098501 0.010282382671533271 0.019604865200205466 0.03397270300099701 0.04982321426452902 0.09053781328529968 0.44178205317910496 0.005656761227416433 0.044487549905823875 0.0085747378329383 
0.03293175744934517 0.015085892369062498 0.015453304792597166 0.001922051551669859 0.04530067086988656 0.1754780664896513 0.02600164019659966 0.10951099490916416 0.004691170122023152 0.08431587708234774 0.02870809775784862 0.29734669923880985 0.05975984182510853 0.02388219660672222 0.07961173873916355 
0.06845825523322492 0.05540190227653808 0.003221472625923745 0.01531975929637049 0.0763627178187531 0.02417985709163634 0.15578212927393587 0.03081685318426833 0.03170910631880949 0.060684271446808574 0.020477732509356236 0.0686563590220882 0.3180696293173549 0.044663727271130056 0.026196227313801616 
0.017842197211934085 0.05649184129361297 0.0279385848637664 0.03973354701813044 0.009808598169425108 0.056502110435899644 0.0041465405397211556 0.04419355863776257 2.547606211008228E-4 0.11517492950311141 0.46904572165806374 0.08990476648414887 0.03443741095526111 0.026493841660163806 0.008031590947897977 
0.2591500732465511 0.033609481670933944 0.05759784324776119 0.052312610672047774 0.07784500946905158 0.03204018761921672 2.879905431750457E-4 0.012925138061873868 0.07878237274158204 0.13726281651663114 2.877784628704632E-4 0.03167443904577121 0.20128732755367826 0.015097035593201098 0.009839895555654683 
6.961769470924812E-4 0.08306874026853503 0.22657616746964362 0.16789461326377908 0.01799519987271341 0.024568610454131123 0.056846853219334505 0.11709462918241381 0.0391386451352225 0.029988694971061446 0.013202091785940118 0.1268841992950577 0.015907596229926598 0.057111112925966594 0.023026668979181847 
0.05303900778504958 0.029256377961757656 0.00463622174417653 0.04169225481754166 0.005071407926863763 2.4270206850781918E-4 0.09660918187399213 0.0158660124939393 0.02530824833759343 0.01868094840206945 0.39489008554360344 0.07195039093630663 0.11752026263172587 0.03191641787906744 0.09332047959780522 
0.030707232944590095 3.74900464648992E-4 0.06739714898282673 0.010112351000889374 0.12292869088666986 3.748658921435079E-4 0.09074902104260114 0.39361418285469657 0.10491814352109775 0.0736911085251689 0.01696186229206757 3.747447209656473E-4 0.012815736084066135 0.05488470724228385 0.020095303545283733 
0.16822071599706467 0.049673961153764434 0.003985592661195571 3.3425319345260654E-4 3.3387617653200737E-4 3.343226689234899E-4 0.03513488807220152 0.03391514333633952 0.02958944856824067 6.991480550370327E-4 3.3407306894568667E-4 0.014090087550482553 0.06869251705728026 0.48364274529306533 0.11101922714747466 
2.2660018283960994E-4 0.08297249189774372 0.12262826329856101 0.501440335958439 0.013504865667913982 0.11324217203470066 2.2702389617946657E-4 0.0039160976794202695 2.2655420925262932E-4 0.02974476400383837 0.04983248276127762 0.02101128725196448 0.017879924694561643 2.2683712437916313E-4 0.04292029933892859 
0.1302286773211638 0.06524517446260208 0.09113826288693634 0.03452041303517928 0.1911182629531699 0.006073647921644652 0.25515519279429444 0.03683729542500479 3.075606464586678E-4 0.021223049957604347 3.079713124873362E-4 0.038097933047667544 3.079879632902337E-4 0.07973347640672347 0.0497050938657732 
0.06997909746525253 0.20325554938180038 0.05397894325101808 0.3031936418244635 0.028108214878743643 0.03577881528494175 0.06591681635004511 0.01970516369610506 0.008178179507359915 0.008896449926512052 0.02241491458223954 0.015786597961913684 0.03790164020826952 0.05679497047878167 0.07011100520255362 
0.00688778648806821 0.08923882830780062 0.031046707203636725 2.8276702266688563E-4 0.019657846927992686 0.3262048942066648 0.07222913989992241 0.012683858568949342 0.04535915258379411 0.08599846265479198 2.826146433582395E-4 0.21209759874934686 2.826299232253243E-4 0.056967869859957686 0.04077984295982395 
0.07035478618220653 0.059155683439175766 3.533671802643217E-4 0.007747816127702817 0.09024331591608158 0.016176510575454373 0.059688772397127283 0.033253205622208994 0.015124864406228171 0.047304265644468345 0.08192900382223028 0.01221684494955147 0.043864504686347526 0.068564785306668 0.3940222737442845 
0.0033802369422872196 0.034072741696227454 0.024738269620210702 3.907847169896339E-4 3.9034393600832193E-4 0.078395839331462 0.03506058883858449 3.904730665249803E-4 0.03428626364706722 0.052437446580422736 0.2570512714860718 0.03832433766683943 0.3475113575010973 0.08639142911996352 0.007178615850243247 
0.05375956917327803 0.040127939410104535 3.423606657163367E-4 0.01006637945125324 0.012492228990132316 0.06492700153015525 0.02533628834808999 3.4228932076936676E-4 0.01116380553523818 0.42648032586740164 0.16112686093740927 0.027781065720584624 3.423964228160495E-4 0.029236743715408534 0.1364747449116426 
0.04748978414164341 0.14979366381985573 2.937953909409236E-4 0.06743683669381705 0.1778679374148333 0.01569899405835769 2.940267160093751E-4 0.15208292002387705 2.9341840777850344E-4 0.0688325654388846 0.16025536518228117 0.08235963709245221 0.03594924660769562 0.025946648321809897 0.015405160689763425 
0.010421917529934294 0.09809423122671686 0.026210822859499477 0.39292368210927014 0.009401813791617327 0.08331675276296785 0.03000026662022535 0.041738463945474404 0.006905862433292183 0.010608462934939486 0.08284675643776031 0.005488076031330898 0.05819051714067943 0.0636019930002938 0.08025038117599816 
0.18930665773644265 0.04680950492310774 0.03398751179000286 0.03933626304051601 0.0436783215067884 0.19958080944325718 0.10169707567256846 2.611506382125551E-4 0.056635514806643576 0.10219129414388145 0.06236332887675832 0.026744615080130943 0.030219960270445073 0.019570796627304092 0.04761719544394083 
0.014191581066292858 0.071249299280311 0.2192643464349654 0.1412224230104348 0.004299575388863309 0.010502308341364898 0.13104712688250814 0.006350140922167207 2.0965047924885775E-4 8.824574480250015E-4 0.04112966468556875 0.231624799318296 0.056977951528148635 2.0991228542780209E-4 0.07083876292837774 
0.035281603361824135 0.03947152333557418 0.21887179200745283 0.005229918523012879 0.028633818221586445 0.07987338658275708 0.0035042920064012094 0.030139451607883245 3.655803696903765E-4 0.027270760945791762 0.12251740783974396 0.2505287780965195 0.08283165760972097 0.017027557884983842 0.058452471607057584 
0.014091514370503369 0.16141825566143286 0.00831453581957302 9.863699454246844E-5 8.784381531117286E-4 0.19901408782233274 0.09916128429359794 0.015091145620092202 0.015458178101954656 0.06950463844372926 0.016746659747856857 0.08278451742458312 0.09124832327116014 0.10079608981464017 0.12539369446088955 
0.024915535736537688 0.023361658081995123 0.03695967076831812 0.3654828890645017 0.009496844428314038 0.14763700696521778 0.06672474625833506 0.01786955495324911 0.01602031544447863 0.14496467933015744 0.019125104383943832 0.011655814659638114 0.06757146635869819 0.007464001177183977 0.04075071238943095 
0.057048190656670265 0.06077741096258443 0.25497777162400304 0.02318653753301372 0.06632340101012212 0.03668163936217436 0.04260023504561469 0.06596892932390562 0.0036118240522259983 0.029946006687872447 0.03316413526364962 0.2112580547928864 0.0031505671190600825 0.04980023531423601 0.0615050612519812 
0.07220566583667942 0.08965939524180257 0.05502823506759989 3.1513018021170656E-4 0.28531658113281755 0.0016614998733978702 0.31171807308483435 0.031951955010626545 3.145403752235584E-4 9.874728193638182E-4 0.029911539751861484 0.0370945941862482 0.07931536829904821 0.00420499984569724 3.1494929458797367E-4 
0.022755950259315542 0.08802095123016862 0.08105584506390374 0.014972912649605432 0.043194280036811375 0.0761987043367079 0.00693440159149454 0.035558999263264925 1.3522151810152106E-4 0.0016757260050841005 0.05382954716212976 0.5379054807549121 0.021337850841312712 0.016288731973857582 1.353973133303467E-4 
0.0021763517718558284 0.04560445134521496 0.10669447209226053 5.592923124204862E-4 0.027256938518204984 0.38849414891244743 0.021758909584191098 0.07063341712301362 0.0298085262549591 0.10001510110148736 0.0706516984004134 0.013523315086464508 0.10827677528145024 0.003798312240973018 0.010748289974643305 
0.11093762024515369 0.07442637065911203 0.07681089214076729 4.168340906671614E-4 4.163639276041228E-4 4.169207308109104E-4 0.005898533771614103 0.022978188941751937 4.1605393427039694E-4 0.0073373959869128215 4.166094644361498E-4 0.02309592113309653 0.0792215273223184 0.5885780906946435 0.008632676956841093 
0.4047805532617206 0.02591622229023559 0.021146629580753445 0.05825223690243016 0.0432752200214075 0.07637270317254095 0.09201450341023736 0.017308841042861595 0.14238697903651978 0.0028031393903980534 4.177075609767808E-4 0.03943216249566019 0.006208756221126466 0.050982540926226054 0.018701804686905396 
0.10023519781401377 0.13113101251155054 0.02538930133453135 0.00497442150894201 0.11299429182994518 0.004067960919073467 0.02585227330166029 0.007104988566425819 0.032145212193066416 0.026051776728581822 0.03953160214420307 0.02395152325431747 0.008190818941604453 0.42333372265686364 0.03504589629522081 
0.03328471941266393 0.21535960024417403 0.011115741799280736 0.026530627646964015 0.01017002316996636 0.29318881778725553 0.05531449411502246 0.034675545162815465 0.0046314689014580815 0.05494361269243781 0.009631764352866447 0.09523429058723289 0.003890429032265922 0.04915432799607977 0.10287453709951666 
0.05217090093599777 0.28661983753948894 2.7557915474125987E-4 0.009018326365732682 2.75430610680458E-4 0.019661455814586774 0.11832802492150224 0.06219201830985735 0.05655439130947227 7.799719159988931E-4 0.029675776930619315 0.0012851115560673103 0.009457209098760199 0.1437287869762434 0.20997717856025125 
0.036375160241735004 0.04048431481762784 0.007512433060924175 0.11201077040951497 0.025039509000970735 0.04530504337499629 0.010601416579270662 0.014512658984824513 0.3466895690273376 0.24989565053493226 0.011287602726981568 0.025281851049851038 0.002016929038395001 0.027409083082517244 0.045578008070121113 
0.029259785155868797 0.29724374585920493 0.010382274104200914 0.023393809829395488 0.006744886549884733 0.12771368978356296 3.2416321428152246E-4 0.0034406261008654545 0.0016463920436621342 3.2387953754115965E-4 0.44039098790642384 0.007871412352557 3.2394200923995594E-4 3.238965262890142E-4 0.0506165090270222 
2.6945751854438865E-4 0.0035359494750633793 0.42254036901651837 0.002805528264609397 0.0314361604458687 0.07946932252968253 0.005996909286666492 0.05519860727667714 0.00981882147831331 0.15505516359319563 0.021185039602511686 0.1353975207883168 0.006644901380879874 0.02534422201286902 0.045302027330283275 
0.2238155394713244 0.0431179959605523 0.18932408233673523 0.2621384816909439 0.029056040863165978 0.004699906713880259 0.024530736685665543 0.024360320720597076 0.09207295969203597 0.003336458034908394 3.579897077244752E-4 0.047554122349681135 0.006461745016492594 0.04881564362666933 3.579771296234655E-4 
0.13917909260768138 0.13710517795022092 0.02205885446528354 0.012954334169365818 1.895840897220039E-4 0.033898412804855546 0.386844687623263 1.8964680644225682E-4 0.02928700339934992 0.0014867421810997447 0.06344259844528487 0.017361742841226258 1.8970614677190438E-4 0.09183668164920539 0.06397573482022757 
9.125130209108772E-4 0.10559247301890318 0.006828989043216213 0.23224663487574732 0.017691751208426868 0.06806551533595469 0.023060915890987275 0.04785961957486767 0.06264027324007317 0.03068352485837215 0.09702035110752515 0.04441773977933402 0.09533818618693554 0.15752598691131764 0.010115525947428261 
0.04758117940217941 0.05952560575442354 0.0891997405769428 0.0048868855345453426 0.3705796331774699 0.032702542429300804 0.017007222081700357 0.18456245030038612 0.034397471220326936 0.005153347860420643 0.006196093003575431 0.020039481396140695 0.11979225811501563 2.7248355154877254E-4 0.008103605596023621 
0.17359490831167623 0.07080897846087258 0.014873714732762043 0.02146292982008293 0.10207134311488522 0.03217062151091167 0.021879303371902786 0.009301170848313054 0.06724522435340068 0.10873494642299991 0.0010669213395189516 0.027988985091680366 0.17251913799185922 0.07313800702593651 0.10314380760319784 
0.018638551470828543 0.05825811488813168 0.4467195779506235 0.012276656803669558 0.18368093267197644 0.02303131327588187 0.0038636694366722423 0.01965279146376004 0.005456357863712199 0.06896055668149645 0.08807935037925481 0.01745877999602434 0.010053164281017745 0.038183698283604704 0.005686484553345677 
0.035406726495514816 0.006757771406627259 0.0278150913490279 0.03534809952517258 0.086094336665348 0.0407827991854545 0.17700374816174286 0.023506942092974714 0.23582920757025427 0.18843824357608188 0.005047074391021253 0.008748065830550255 2.4525474987303653E-4 0.09442365931409166 0.03455297968626495 
0.058761630022909246 0.17018961289869622 0.01101794987713305 0.055758149127612684 1.3469176073291743E-4 0.05019216789409074 0.09469343272627409 1.347363184038453E-4 1.3459147935605977E-4 5.671100250911845E-4 0.10599827463260274 0.24512722517338567 0.1283702141387898 0.0332794320987339 0.04564078182618782 
0.04760658166628063 0.10956552161492118 1.8953132564924991E-4 0.0379004213769294 0.05399651234411493 1.8968248701758586E-4 0.010680496886303995 1.8949182899051633E-4 0.0792804455697883 1.8951456619707686E-4 0.03739246996631477 1.896211742898794E-4 0.5792879479414793 0.02731343100035602 0.01602833025136727 
0.022093567937340176 0.03657097536156867 2.2483562654836402E-4 0.07363125194746697 0.008055242039264244 2.2501494498474017E-4 0.008100671972892878 0.12767382667391516 0.004742706512203587 2.2481574528642996E-4 0.3070256182401885 0.05127930850772314 0.3434492753943569 0.016478050043929028 2.2483905233103787E-4 
0.08858982733064151 3.524209750813713E-4 0.023992837361016796 0.016122093757077915 0.039878490412263004 0.0831655711820847 3.523848891750216E-4 3.5203427477039674E-4 0.08374227208643534 0.015395689318426173 0.053061117281548324 0.03798246287808812 0.10280600595181014 0.43012558381982874 0.02408120848175238 
0.03282945062576038 0.281486824140064 0.013880099748962512 0.023903435567235277 0.24388212794367128 0.005939128573905136 0.013994481278904887 0.025516225816903257 0.004052252348948311 0.09312389936966707 0.00142678844952246 0.02956420282779071 0.09848856855712433 0.11271696784838678 0.019195546903153757 
2.9523997475674595E-4 0.09141945953720529 0.031759977244651086 0.532691807485477 0.10874299093456788 0.048730857543861424 0.00775858399862335 0.030658611068209475 0.015189884645332812 0.0016158269528842807 0.058025230104079055 0.014595133278136187 0.0012529785106982203 0.04643752273172395 0.010825895989793274 
0.06812661115177779 0.04861585354364872 0.16899028729237975 0.039113988890810934 0.007263203090296567 0.060530914060869426 0.0316742319804417 0.05211258449106179 0.010076968101855736 0.08038762786040674 0.005012731809144449 0.06604182296467023 0.07942799060862388 0.01704652011438576 0.26557866403962643 
0.08906818601580202 0.011798358951943309 0.09259857116744442 0.005055816701624113 0.006840194070218157 0.20212197096717097 0.022319788656614863 0.04542520703193133 0.031629411564654854 0.08356778716108439 0.005948660019356406 0.18718142280634056 0.0032966710255782064 0.05567798431090969 0.15746996954932657 
0.015027427879258705 2.2907295696947898E-4 0.04210423914468268 0.02248621072365042 0.04192592318428145 0.0013622133209161946 0.0036284993688401822 0.00286725083861789 0.0028641685970502 2.288490589131177E-4 0.4387812384412773 0.190958366315112 0.23707880632339098 2.2886106294087486E-4 2.2887278409845899E-4 
0.030118087709441774 0.025709135624793156 0.0034059863319320484 0.03985698387092721 0.017740964285371034 0.5280781917528917 0.1031360696160011 0.04000888372072527 0.035236982583349466 0.06511232400811154 2.1079458596353465E-4 0.013540652096213503 0.012227008455094423 0.007472985398913717 0.07814494996027067 
2.591874544971289E-4 0.004125378566635043 0.05046862736591899 0.1968153881801185 0.02871975656960217 0.012143753354913207 0.07502068421659272 0.44281372065114716 2.591348694690221E-4 0.013009952050292255 0.01861494659586635 0.07453711039684958 0.06338251343643028 0.011845770750008464 0.007984075541659067 
0.09954386201617585 0.0020289907430727522 0.018009612421151056 0.003431688641349611 0.004510481233172834 0.024820063260124 0.13769191559400332 0.058166323522534195 3.2909620054549375E-4 3.2948988446668737E-4 0.15386668908590256 0.027045061031295167 0.08200712277580519 0.38789007954713756 3.295240432638185E-4 
0.03215637560902955 0.026637473495103203 0.17806671867121487 0.06238433596624281 0.013874421043734372 0.0069205637167907156 0.0013133629549204016 0.3752964095533416 0.006199484409915495 0.04253013928099766 0.047699249379057874 0.054643665688685915 0.0780130064047053 0.04027303891576225 0.033991754910497836 
0.055146973198484536 0.43727853697992114 0.009108646884460643 0.013539374085329462 0.0033837678636017025 0.10025682752782736 0.09682624434166393 0.08162556633967226 0.0010258036311301217 0.02203339078080125 0.03025750638587858 0.0365714442513511 0.020794925221388434 0.02289803829109498 0.06925295421739448 
0.12860396389351425 0.02218490049768066 4.8341173561303793E-4 0.05304819191553197 0.18035171485137383 0.00500071355259788 0.08072613760397807 0.012597366502967805 0.08504164712233714 0.05023624555315818 0.28857107248930064 0.011329662598383427 0.02862919981517641 0.031216587921607933 0.02197918394677893 
0.007142190343200233 0.1177529370185451 0.0011859183559576145 0.04263812452668935 0.007146061727209405 0.0654888855778959 0.22043392449043606 0.04335811948526042 0.08062005849326714 0.025029902590394087 0.2228487553744415 0.0723980460294165 0.08593868929281992 0.003225032075333802 0.004793354619133064 
0.08915848719494004 0.13508281340188838 0.09492592199566337 0.019732453062147628 0.013913626688922143 0.1522568261886674 0.26075438303482384 0.00931251494924513 2.9689282618065854E-4 0.0847361215953965 0.013246633533532535 0.004189466014114585 0.08284274000347633 0.005574539077304456 0.03397658043369709 
0.044142277560511096 0.27992532783439494 0.004595341820170351 0.09303689345752025 0.011249507239875162 0.18365838291217512 0.010876676121128756 0.026452779572142017 0.02771027598815337 0.08783644201312255 0.02539544563648162 0.06456473892874548 0.09344095281155194 0.03891838397074892 0.008196574133278327 
0.02676909595452066 0.00806359377626152 0.015959426537675698 0.2793915644882122 0.0010446687169878752 0.29031230856513157 0.012884982914735213 0.026955445212631306 1.5322607706966983E-4 0.039389543579930096 0.014711772661744242 0.1287623232321393 0.004009432819069633 0.004479406510217065 0.1471132089536742 
0.060745812052778216 0.17512768988568905 0.046122337817450614 0.02954650705402659 0.06096668104227205 0.2163682447196343 0.1147398419811804 0.020532754204602866 2.1949286130497014E-4 0.014394474469556188 0.06930194656352907 0.01156461207034788 0.014843598250285507 0.040642073693194954 0.12488393333414745 
0.022442731578149133 0.034360299438445485 0.03498954791794056 0.014820310302864452 0.014914470843454462 0.012027809558413507 0.2685487684522953 0.011237844262043056 0.03767741949011924 0.00431753091247756 0.08148029163790065 0.15015231772809998 0.29300086872661946 0.01975120115786341 2.785879933136595E-4 
0.1730537265905302 0.11678459207092816 0.028851109629169702 0.022527075038327824 3.800612947713012E-4 9.313303565086808E-4 0.1287237789252624 0.011984510346074027 0.13523702932793935 0.005548503557398405 0.17929123753374782 0.09460682009506499 0.005023487706121293 0.04082093103034747 0.05623580649780843 
0.017785967142095675 0.1447119593179462 0.07460023488927393 0.08869433963694867 0.2496191485949704 0.007293554326487951 0.03868457767398355 0.07671182112732838 0.07085435486596542 0.024208466518403103 0.01773109391334918 0.050089243896850516 0.07833840289111954 0.023145203176373075 0.03753163202890431 
0.01961560584033295 0.06640802285509108 0.006964495789142602 0.10439057485265524 0.006935214036763802 0.06444076700372083 0.0071117594951904195 0.27130663809707584 0.03515163129263675 0.018982847858576807 0.06343334034126083 0.3059908590379095 0.0164213428710657 0.005907840594113202 0.006939060034464361 
0.03887054815227621 0.08588742077045024 0.05707462405945874 0.04690090691550616 0.0020417033954315544 0.12526913702771086 0.023394921377639995 0.00916946179316008 0.016285636224289066 0.07638031223746021 1.874209018106837E-4 0.10735488512794686 0.0013389190372408905 0.017457299640128498 0.39238680333948983 
0.026485038857087997 0.011867251280974885 0.05365399029332721 0.003938834906853186 1.8062830227506048E-4 0.10931428242801669 0.06142554538112466 0.04989859513329706 0.02164511413986555 0.08830244562935864 0.007828729827954763 0.25294818111127687 0.00611003227018713 0.029715208227598506 0.27668612221080163 
0.046543473931912216 0.5359866150202799 0.018277147425248122 0.0140616517516076 0.016663596947429877 0.10497812959719775 0.06807277433643241 0.07956961585488628 0.001048938053972861 0.0016039604160204939 0.032334747092297556 0.02485053532212396 0.005915833505327837 2.4079980842827832E-4 0.04985218093683461 
1.777837879178583E-4 0.17835087585340625 0.10370979044875642 0.004802242552587359 0.05084727566440819 0.03560661361628434 0.3695556616337161 0.162319302101137 0.019276584975264608 0.0022227202072433194 0.025456532687309248 0.00889350831980537 0.012928243135748502 0.025674886216440464 1.7797879997494644E-4 
0.016077937218367096 0.15361553242879908 0.004676132894656322 0.01737471438351136 0.016327843431998838 0.10638956277908954 0.11901263401429954 0.004899033428112458 0.025368116873385013 7.911027630279649E-4 0.34308844654898807 0.007975408831524965 0.14098506517186873 0.0033930638894586343 0.0400254053429123 
0.007088624024507072 0.10458384834875799 0.0725733235471332 0.017953172828761618 0.01940412784830557 0.0010240771612352653 0.1251517590344964 0.10039740285625118 1.582661667941865E-4 0.0010602547731442963 0.12587351224556548 0.3445807729853273 0.012034885362545317 0.058878575460249015 0.009237397356926037 
0.011728726219474607 0.05631296872015598 0.018177090075364565 0.056893671340966956 0.02631445724861868 0.13323784045697268 0.1337330374444388 0.2296089059348673 2.3303635342367644E-4 0.016220549321653895 0.20154827950285317 0.0907721729267746 0.002120270169093253 0.007165221573938225 0.015933772711403556 
0.0408183294478081 0.0685536426607287 0.022104569766597727 0.14166749449245392 0.07399556551435954 0.01751740899142767 0.07176311477749962 0.024402647554936208 0.02425012102898548 3.1391530962538436E-4 0.053570104369361674 0.05238632958525291 0.33893377427028315 0.006433325127779785 0.06328965710290008 
0.03287274486957329 0.0871590271993578 0.05003348600598227 0.194707477899868 0.029442406760385308 0.030538822192079568 0.10030247851502773 0.17225326879812494 0.004349655414269516 0.08021481525227696 0.031036820307114462 0.0856176993637456 0.001128809782319381 1.713973940864009E-4 0.10017109024578875 
0.14666645066753792 0.18857414592835825 0.11057494751775893 3.9854798799119804E-4 0.008715619441857315 0.11392975122637654 0.026285824201866155 3.9823014632481724E-4 0.002475634153642716 0.2951781049147038 3.983332158926003E-4 0.020443393617337255 0.04773339948232482 0.007294995020768969 0.030932622477258667 
0.055118924858194994 0.5637139240791308 0.042896965830490026 0.032972508422128156 0.005269827813853516 0.015433573279628165 0.019347247108422453 0.035296115889962155 1.9811334240704955E-4 1.9835033705283957E-4 0.00840987476871089 0.005101428685310623 0.0855653141491934 0.09233841597310302 0.03813941546241188 
0.006188156654175355 0.06359257343783523 0.005666542743913957 0.1051369750284473 0.007395767967893212 0.24326091094258165 0.023660939031509835 0.12208620376495595 0.008644289193857497 0.11876308179386746 1.4049722216260662E-4 0.1191451562361035 0.02077359971055071 0.013852306010438353 0.14169300026170742 
