0.011764705882352941 0.011764705882352941 0.011764705882352941 0.011764705882352941 0.011764705882352941 0.011764705882352941 0.011764705882352941 0.011764705882352941 0.3647058823529412 0.24705882352941178 0.24705882352941178 0.011764705882352941 0.011764705882352941 0.011764705882352941 0.011764705882352941 
0.008695652173913044 0.008695652173913044 0.008695652173913044 0.008695652173913044 0.09565217391304348 0.008695652173913044 0.09565217391304348 0.008695652173913044 0.008695652173913044 0.7043478260869565 0.008695652173913044 0.008695652173913044 0.008695652173913044 0.008695652173913044 0.008695652173913044 
0.013333333333333334 0.013333333333333334 0.013333333333333334 0.013333333333333334 0.013333333333333334 0.013333333333333334 0.013333333333333334 0.013333333333333334 0.013333333333333334 0.013333333333333334 0.8133333333333332 0.013333333333333334 0.013333333333333334 0.013333333333333334 0.013333333333333334 
0.013333333333333334 0.013333333333333334 0.013333333333333334 0.013333333333333334 0.013333333333333334 0.013333333333333334 0.28 0.013333333333333334 0.14666666666666667 0.14666666666666667 0.28 0.013333333333333334 0.013333333333333334 0.013333333333333334 0.013333333333333334 
0.013333333333333334 0.013333333333333334 0.14666666666666667 0.013333333333333334 0.013333333333333334 0.013333333333333334 0.013333333333333334 0.5466666666666666 0.013333333333333334 0.013333333333333334 0.013333333333333334 0.14666666666666667 0.013333333333333334 0.013333333333333334 0.013333333333333334 
0.011764705882352941 0.011764705882352941 0.011764705882352941 0.011764705882352941 0.12941176470588237 0.011764705882352941 0.011764705882352941 0.011764705882352941 0.011764705882352941 0.7176470588235294 0.011764705882352941 0.011764705882352941 0.011764705882352941 0.011764705882352941 0.011764705882352941 
0.010526315789473684 0.010526315789473684 0.010526315789473684 0.010526315789473684 0.010526315789473684 0.010526315789473684 0.010526315789473684 0.010526315789473684 0.010526315789473684 0.11578947368421054 0.6421052631578947 0.11578947368421054 0.010526315789473684 0.010526315789473684 0.010526315789473684 
0.013333333333333334 0.013333333333333334 0.013333333333333334 0.013333333333333334 0.013333333333333334 0.013333333333333334 0.013333333333333334 0.013333333333333334 0.013333333333333334 0.013333333333333334 0.5466666666666666 0.013333333333333334 0.013333333333333334 0.14666666666666667 0.14666666666666667 
0.009523809523809525 0.009523809523809525 0.009523809523809525 0.009523809523809525 0.009523809523809525 0.48571428571428565 0.009523809523809525 0.009523809523809525 0.3904761904761904 0.009523809523809525 0.009523809523809525 0.009523809523809525 0.009523809523809525 0.009523809523809525 0.009523809523809525 
0.2 0.10476190476190476 0.009523809523809525 0.009523809523809525 0.009523809523809525 0.2 0.009523809523809525 0.009523809523809525 0.009523809523809525 0.009523809523809525 0.009523809523809525 0.29523809523809524 0.009523809523809525 0.009523809523809525 0.10476190476190476 
0.008 0.008 0.408 0.008 0.008 0.008 0.008 0.008 0.408 0.008 0.008 0.008 0.008 0.08800000000000001 0.008 
0.011764705882352941 0.011764705882352941 0.011764705882352941 0.3647058823529412 0.011764705882352941 0.12941176470588237 0.011764705882352941 0.24705882352941178 0.011764705882352941 0.011764705882352941 0.011764705882352941 0.011764705882352941 0.011764705882352941 0.12941176470588237 0.011764705882352941 
0.008695652173913044 0.09565217391304348 0.008695652173913044 0.09565217391304348 0.008695652173913044 0.008695652173913044 0.008695652173913044 0.008695652173913044 0.4434782608695652 0.008695652173913044 0.26956521739130435 0.008695652173913044 0.008695652173913044 0.008695652173913044 0.008695652173913044 
0.010526315789473684 0.010526315789473684 0.010526315789473684 0.010526315789473684 0.010526315789473684 0.2210526315789474 0.010526315789473684 0.010526315789473684 0.010526315789473684 0.5368421052631579 0.010526315789473684 0.11578947368421054 0.010526315789473684 0.010526315789473684 0.010526315789473684 
0.007407407407407408 0.007407407407407408 0.007407407407407408 0.3037037037037037 0.3037037037037037 0.007407407407407408 0.3037037037037037 0.007407407407407408 0.007407407407407408 0.007407407407407408 0.007407407407407408 0.007407407407407408 0.007407407407407408 0.007407407407407408 0.007407407407407408 
0.010526315789473684 0.010526315789473684 0.010526315789473684 0.7473684210526316 0.010526315789473684 0.010526315789473684 0.010526315789473684 0.010526315789473684 0.11578947368421054 0.010526315789473684 0.010526315789473684 0.010526315789473684 0.010526315789473684 0.010526315789473684 0.010526315789473684 
0.14666666666666667 0.013333333333333334 0.013333333333333334 0.013333333333333334 0.013333333333333334 0.013333333333333334 0.14666666666666667 0.013333333333333334 0.28 0.14666666666666667 0.013333333333333334 0.013333333333333334 0.013333333333333334 0.013333333333333334 0.14666666666666667 
0.013333333333333334 0.013333333333333334 0.013333333333333334 0.013333333333333334 0.013333333333333334 0.14666666666666667 0.013333333333333334 0.013333333333333334 0.013333333333333334 0.013333333333333334 0.013333333333333334 0.013333333333333334 0.013333333333333334 0.013333333333333334 0.6799999999999999 
0.011764705882352941 0.011764705882352941 0.48235294117647054 0.011764705882352941 0.011764705882352941 0.011764705882352941 0.011764705882352941 0.011764705882352941 0.011764705882352941 0.011764705882352941 0.011764705882352941 0.011764705882352941 0.3647058823529412 0.011764705882352941 0.011764705882352941 
0.011764705882352941 0.011764705882352941 0.011764705882352941 0.011764705882352941 0.011764705882352941 0.011764705882352941 0.011764705882352941 0.8352941176470587 0.011764705882352941 0.011764705882352941 0.011764705882352941 0.011764705882352941 0.011764705882352941 0.011764705882352941 0.011764705882352941 
0.011764705882352941 0.011764705882352941 0.3647058823529412 0.011764705882352941 0.011764705882352941 0.011764705882352941 0.011764705882352941 0.24705882352941178 0.011764705882352941 0.24705882352941178 0.011764705882352941 0.011764705882352941 0.011764705882352941 0.011764705882352941 0.011764705882352941 
0.009523809523809525 0.009523809523809525 0.009523809523809525 0.009523809523809525 0.009523809523809525 0.29523809523809524 0.009523809523809525 0.009523809523809525 0.48571428571428565 0.009523809523809525 0.009523809523809525 0.009523809523809525 0.009523809523809525 0.10476190476190476 0.009523809523809525 
0.013333333333333334 0.013333333333333334 0.013333333333333334 0.013333333333333334 0.013333333333333334 0.013333333333333334 0.013333333333333334 0.013333333333333334 0.013333333333333334 0.013333333333333334 0.013333333333333334 0.013333333333333334 0.013333333333333334 0.41333333333333333 0.41333333333333333 
0.009523809523809525 0.009523809523809525 0.5809523809523809 0.009523809523809525 0.009523809523809525 0.009523809523809525 0.009523809523809525 0.009523809523809525 0.009523809523809525 0.2 0.009523809523809525 0.009523809523809525 0.10476190476190476 0.009523809523809525 0.009523809523809525 
0.004878048780487805 0.004878048780487805 0.004878048780487805 0.004878048780487805 0.004878048780487805 0.004878048780487805 0.004878048780487805 0.05365853658536586 0.004878048780487805 0.004878048780487805 0.8829268292682928 0.004878048780487805 0.004878048780487805 0.004878048780487805 0.004878048780487805 
0.14666666666666667 0.013333333333333334 0.013333333333333334 0.013333333333333334 0.013333333333333334 0.013333333333333334 0.013333333333333334 0.013333333333333334 0.013333333333333334 0.013333333333333334 0.41333333333333333 0.013333333333333334 0.28 0.013333333333333334 0.013333333333333334 
0.009523809523809525 0.009523809523809525 0.29523809523809524 0.009523809523809525 0.009523809523809525 0.009523809523809525 0.009523809523809525 0.009523809523809525 0.2 0.009523809523809525 0.009523809523809525 0.29523809523809524 0.009523809523809525 0.009523809523809525 0.10476190476190476 
0.013333333333333334 0.013333333333333334 0.013333333333333334 0.013333333333333334 0.013333333333333334 0.013333333333333334 0.013333333333333334 0.8133333333333332 0.013333333333333334 0.013333333333333334 0.013333333333333334 0.013333333333333334 0.013333333333333334 0.013333333333333334 0.013333333333333334 
0.008695652173913044 0.008695652173913044 0.008695652173913044 0.008695652173913044 0.008695652173913044 0.008695652173913044 0.008695652173913044 0.6173913043478261 0.008695652173913044 0.008695652173913044 0.008695652173913044 0.008695652173913044 0.008695652173913044 0.008695652173913044 0.26956521739130435 
0.009523809523809525 0.009523809523809525 0.009523809523809525 0.009523809523809525 0.10476190476190476 0.009523809523809525 0.009523809523809525 0.009523809523809525 0.48571428571428565 0.009523809523809525 0.29523809523809524 0.009523809523809525 0.009523809523809525 0.009523809523809525 0.009523809523809525 
0.21379310344827587 0.006896551724137932 0.006896551724137932 0.006896551724137932 0.006896551724137932 0.006896551724137932 0.07586206896551725 0.006896551724137932 0.006896551724137932 0.006896551724137932 0.006896551724137932 0.5586206896551724 0.07586206896551725 0.006896551724137932 0.006896551724137932 
0.009523809523809525 0.10476190476190476 0.10476190476190476 0.009523809523809525 0.009523809523809525 0.009523809523809525 0.009523809523809525 0.009523809523809525 0.009523809523809525 0.009523809523809525 0.009523809523809525 0.009523809523809525 0.009523809523809525 0.6761904761904761 0.009523809523809525 
0.008 0.008 0.008 0.008 0.008 0.008 0.008 0.008 0.008 0.008 0.008 0.32799999999999996 0.568 0.008 0.008 
0.010526315789473684 0.010526315789473684 0.431578947368421 0.010526315789473684 0.010526315789473684 0.010526315789473684 0.010526315789473684 0.010526315789473684 0.010526315789473684 0.010526315789473684 0.010526315789473684 0.010526315789473684 0.431578947368421 0.010526315789473684 0.010526315789473684 
0.013333333333333334 0.013333333333333334 0.013333333333333334 0.013333333333333334 0.013333333333333334 0.013333333333333334 0.013333333333333334 0.013333333333333334 0.013333333333333334 0.013333333333333334 0.8133333333333332 0.013333333333333334 0.013333333333333334 0.013333333333333334 0.013333333333333334 
0.04489795918367347 0.004081632653061225 0.37142857142857144 0.08571428571428572 0.4122448979591837 0.004081632653061225 0.004081632653061225 0.004081632653061225 0.04489795918367347 0.004081632653061225 0.004081632653061225 0.004081632653061225 0.004081632653061225 0.004081632653061225 0.004081632653061225 
0.009523809523809525 0.009523809523809525 0.009523809523809525 0.009523809523809525 0.009523809523809525 0.10476190476190476 0.009523809523809525 0.009523809523809525 0.7714285714285714 0.009523809523809525 0.009523809523809525 0.009523809523809525 0.009523809523809525 0.009523809523809525 0.009523809523809525 
0.007407407407407408 0.007407407407407408 0.08148148148148149 0.22962962962962963 0.007407407407407408 0.007407407407407408 0.08148148148148149 0.007407407407407408 0.007407407407407408 0.007407407407407408 0.08148148148148149 0.007407407407407408 0.007407407407407408 0.007407407407407408 0.45185185185185184 
0.013333333333333334 0.013333333333333334 0.013333333333333334 0.013333333333333334 0.28 0.41333333333333333 0.013333333333333334 0.013333333333333334 0.013333333333333334 0.013333333333333334 0.013333333333333334 0.14666666666666667 0.013333333333333334 0.013333333333333334 0.013333333333333334 
0.28 0.013333333333333334 0.013333333333333334 0.013333333333333334 0.14666666666666667 0.013333333333333334 0.013333333333333334 0.013333333333333334 0.013333333333333334 0.28 0.013333333333333334 0.14666666666666667 0.013333333333333334 0.013333333333333334 0.013333333333333334 
0.013333333333333334 0.013333333333333334 0.013333333333333334 0.013333333333333334 0.013333333333333334 0.14666666666666667 0.14666666666666667 0.013333333333333334 0.013333333333333334 0.013333333333333334 0.013333333333333334 0.013333333333333334 0.41333333333333333 0.013333333333333334 0.14666666666666667 
0.010526315789473684 0.010526315789473684 0.010526315789473684 0.010526315789473684 0.010526315789473684 0.010526315789473684 0.2210526315789474 0.010526315789473684 0.6421052631578947 0.010526315789473684 0.010526315789473684 0.010526315789473684 0.010526315789473684 0.010526315789473684 0.010526315789473684 
0.013333333333333334 0.013333333333333334 0.013333333333333334 0.013333333333333334 0.013333333333333334 0.5466666666666666 0.013333333333333334 0.013333333333333334 0.013333333333333334 0.013333333333333334 0.013333333333333334 0.013333333333333334 0.013333333333333334 0.28 0.013333333333333334 
0.010526315789473684 0.010526315789473684 0.010526315789473684 0.7473684210526316 0.010526315789473684 0.010526315789473684 0.010526315789473684 0.010526315789473684 0.010526315789473684 0.010526315789473684 0.010526315789473684 0.010526315789473684 0.010526315789473684 0.11578947368421054 0.010526315789473684 
0.010526315789473684 0.11578947368421054 0.010526315789473684 0.010526315789473684 0.010526315789473684 0.2210526315789474 0.010526315789473684 0.010526315789473684 0.010526315789473684 0.010526315789473684 0.010526315789473684 0.010526315789473684 0.3263157894736842 0.11578947368421054 0.11578947368421054 
0.11578947368421054 0.010526315789473684 0.6421052631578947 0.010526315789473684 0.11578947368421054 0.010526315789473684 0.010526315789473684 0.010526315789473684 0.010526315789473684 0.010526315789473684 0.010526315789473684 0.010526315789473684 0.010526315789473684 0.010526315789473684 0.010526315789473684 
0.008695652173913044 0.008695652173913044 0.008695652173913044 0.008695652173913044 0.008695652173913044 0.008695652173913044 0.008695652173913044 0.008695652173913044 0.008695652173913044 0.3565217391304348 0.008695652173913044 0.008695652173913044 0.5304347826086956 0.008695652173913044 0.008695652173913044 
0.3879518072289157 0.09879518072289156 0.0024096385542168677 0.0024096385542168677 0.0024096385542168677 0.43614457831325304 0.0024096385542168677 0.0024096385542168677 0.0024096385542168677 0.0024096385542168677 0.0024096385542168677 0.0024096385542168677 0.05060240963855422 0.0024096385542168677 0.0024096385542168677 
0.008695652173913044 0.008695652173913044 0.008695652173913044 0.008695652173913044 0.09565217391304348 0.008695652173913044 0.008695652173913044 0.008695652173913044 0.008695652173913044 0.008695652173913044 0.008695652173913044 0.6173913043478261 0.1826086956521739 0.008695652173913044 0.008695652173913044 
0.011764705882352941 0.6 0.12941176470588237 0.12941176470588237 0.011764705882352941 0.011764705882352941 0.011764705882352941 0.011764705882352941 0.011764705882352941 0.011764705882352941 0.011764705882352941 0.011764705882352941 0.011764705882352941 0.011764705882352941 0.011764705882352941 
0.005128205128205128 0.005128205128205128 0.005128205128205128 0.005128205128205128 0.5179487179487179 0.005128205128205128 0.005128205128205128 0.005128205128205128 0.005128205128205128 0.05641025641025642 0.005128205128205128 0.005128205128205128 0.005128205128205128 0.21025641025641023 0.158974358974359 
0.010526315789473684 0.010526315789473684 0.010526315789473684 0.010526315789473684 0.010526315789473684 0.010526315789473684 0.010526315789473684 0.010526315789473684 0.6421052631578947 0.2210526315789474 0.010526315789473684 0.010526315789473684 0.010526315789473684 0.010526315789473684 0.010526315789473684 
0.003278688524590164 0.003278688524590164 0.003278688524590164 0.003278688524590164 0.003278688524590164 0.36393442622950817 0.16721311475409834 0.003278688524590164 0.36393442622950817 0.003278688524590164 0.003278688524590164 0.003278688524590164 0.003278688524590164 0.003278688524590164 0.06885245901639345 
0.408 0.008 0.32799999999999996 0.008 0.008 0.008 0.168 0.008 0.008 0.008 0.008 0.008 0.008 0.008 0.008 
0.010526315789473684 0.5368421052631579 0.010526315789473684 0.010526315789473684 0.2210526315789474 0.010526315789473684 0.010526315789473684 0.010526315789473684 0.11578947368421054 0.010526315789473684 0.010526315789473684 0.010526315789473684 0.010526315789473684 0.010526315789473684 0.010526315789473684 
0.08800000000000001 0.008 0.008 0.008 0.008 0.248 0.008 0.408 0.008 0.008 0.08800000000000001 0.008 0.08800000000000001 0.008 0.008 
0.013333333333333334 0.013333333333333334 0.013333333333333334 0.013333333333333334 0.013333333333333334 0.013333333333333334 0.013333333333333334 0.013333333333333334 0.013333333333333334 0.013333333333333334 0.28 0.14666666666666667 0.28 0.14666666666666667 0.013333333333333334 
0.009523809523809525 0.3904761904761904 0.10476190476190476 0.009523809523809525 0.2 0.009523809523809525 0.10476190476190476 0.009523809523809525 0.009523809523809525 0.10476190476190476 0.009523809523809525 0.009523809523809525 0.009523809523809525 0.009523809523809525 0.009523809523809525 
0.010526315789473684 0.010526315789473684 0.010526315789473684 0.010526315789473684 0.010526315789473684 0.010526315789473684 0.010526315789473684 0.11578947368421054 0.010526315789473684 0.010526315789473684 0.5368421052631579 0.010526315789473684 0.2210526315789474 0.010526315789473684 0.010526315789473684 
0.009523809523809525 0.009523809523809525 0.009523809523809525 0.5809523809523809 0.009523809523809525 0.009523809523809525 0.29523809523809524 0.009523809523809525 0.009523809523809525 0.009523809523809525 0.009523809523809525 0.009523809523809525 0.009523809523809525 0.009523809523809525 0.009523809523809525 
0.14666666666666667 0.013333333333333334 0.013333333333333334 0.013333333333333334 0.013333333333333334 0.013333333333333334 0.013333333333333334 0.013333333333333334 0.013333333333333334 0.013333333333333334 0.013333333333333334 0.5466666666666666 0.14666666666666667 0.013333333333333334 0.013333333333333334 
0.008 0.008 0.008 0.008 0.008 0.008 0.008 0.008 0.008 0.568 0.008 0.08800000000000001 0.008 0.168 0.08800000000000001 
0.004081632653061225 0.004081632653061225 0.004081632653061225 0.04489795918367347 0.004081632653061225 0.004081632653061225 0.16734693877551018 0.004081632653061225 0.004081632653061225 0.004081632653061225 0.12653061224489795 0.4122448979591837 0.20816326530612245 0.004081632653061225 0.004081632653061225 
0.010526315789473684 0.010526315789473684 0.010526315789473684 0.010526315789473684 0.010526315789473684 0.010526315789473684 0.010526315789473684 0.010526315789473684 0.010526315789473684 0.010526315789473684 0.7473684210526316 0.010526315789473684 0.11578947368421054 0.010526315789473684 0.010526315789473684 
0.5466666666666666 0.013333333333333334 0.013333333333333334 0.013333333333333334 0.013333333333333334 0.013333333333333334 0.013333333333333334 0.013333333333333334 0.013333333333333334 0.013333333333333334 0.013333333333333334 0.013333333333333334 0.013333333333333334 0.013333333333333334 0.28 
0.3647058823529412 0.3647058823529412 0.011764705882352941 0.011764705882352941 0.011764705882352941 0.011764705882352941 0.011764705882352941 0.011764705882352941 0.011764705882352941 0.011764705882352941 0.12941176470588237 0.011764705882352941 0.011764705882352941 0.011764705882352941 0.011764705882352941 
0.013333333333333334 0.013333333333333334 0.013333333333333334 0.013333333333333334 0.14666666666666667 0.013333333333333334 0.013333333333333334 0.013333333333333334 0.013333333333333334 0.013333333333333334 0.013333333333333334 0.013333333333333334 0.013333333333333334 0.013333333333333334 0.6799999999999999 
0.011764705882352941 0.6 0.011764705882352941 0.011764705882352941 0.12941176470588237 0.011764705882352941 0.011764705882352941 0.011764705882352941 0.011764705882352941 0.011764705882352941 0.011764705882352941 0.12941176470588237 0.011764705882352941 0.011764705882352941 0.011764705882352941 
0.013333333333333334 0.013333333333333334 0.14666666666666667 0.013333333333333334 0.28 0.013333333333333334 0.013333333333333334 0.013333333333333334 0.013333333333333334 0.013333333333333334 0.013333333333333334 0.41333333333333333 0.013333333333333334 0.013333333333333334 0.013333333333333334 
0.010526315789473684 0.010526315789473684 0.010526315789473684 0.010526315789473684 0.010526315789473684 0.010526315789473684 0.6421052631578947 0.11578947368421054 0.010526315789473684 0.010526315789473684 0.010526315789473684 0.010526315789473684 0.11578947368421054 0.010526315789473684 0.010526315789473684 
0.009523809523809525 0.10476190476190476 0.009523809523809525 0.009523809523809525 0.009523809523809525 0.009523809523809525 0.009523809523809525 0.009523809523809525 0.29523809523809524 0.10476190476190476 0.009523809523809525 0.009523809523809525 0.3904761904761904 0.009523809523809525 0.009523809523809525 
0.21379310344827587 0.07586206896551725 0.006896551724137932 0.006896551724137932 0.006896551724137932 0.006896551724137932 0.006896551724137932 0.006896551724137932 0.2827586206896551 0.006896551724137932 0.006896551724137932 0.006896551724137932 0.2827586206896551 0.006896551724137932 0.07586206896551725 
0.010526315789473684 0.010526315789473684 0.431578947368421 0.11578947368421054 0.010526315789473684 0.010526315789473684 0.11578947368421054 0.010526315789473684 0.010526315789473684 0.010526315789473684 0.010526315789473684 0.010526315789473684 0.010526315789473684 0.010526315789473684 0.2210526315789474 
0.005714285714285714 0.005714285714285714 0.7485714285714286 0.005714285714285714 0.005714285714285714 0.005714285714285714 0.005714285714285714 0.06285714285714286 0.005714285714285714 0.005714285714285714 0.005714285714285714 0.06285714285714286 0.06285714285714286 0.005714285714285714 0.005714285714285714 
0.0064516129032258064 0.0064516129032258064 0.0064516129032258064 0.13548387096774195 0.0064516129032258064 0.0064516129032258064 0.0064516129032258064 0.0064516129032258064 0.264516129032258 0.0064516129032258064 0.0064516129032258064 0.0064516129032258064 0.5225806451612903 0.0064516129032258064 0.0064516129032258064 
0.009523809523809525 0.009523809523809525 0.009523809523809525 0.009523809523809525 0.8666666666666666 0.009523809523809525 0.009523809523809525 0.009523809523809525 0.009523809523809525 0.009523809523809525 0.009523809523809525 0.009523809523809525 0.009523809523809525 0.009523809523809525 0.009523809523809525 
0.013333333333333334 0.5466666666666666 0.013333333333333334 0.013333333333333334 0.28 0.013333333333333334 0.013333333333333334 0.013333333333333334 0.013333333333333334 0.013333333333333334 0.013333333333333334 0.013333333333333334 0.013333333333333334 0.013333333333333334 0.013333333333333334 
0.011764705882352941 0.011764705882352941 0.12941176470588237 0.011764705882352941 0.011764705882352941 0.011764705882352941 0.011764705882352941 0.011764705882352941 0.011764705882352941 0.7176470588235294 0.011764705882352941 0.011764705882352941 0.011764705882352941 0.011764705882352941 0.011764705882352941 
0.14666666666666667 0.013333333333333334 0.013333333333333334 0.6799999999999999 0.013333333333333334 0.013333333333333334 0.013333333333333334 0.013333333333333334 0.013333333333333334 0.013333333333333334 0.013333333333333334 0.013333333333333334 0.013333333333333334 0.013333333333333334 0.013333333333333334 
0.008 0.008 0.008 0.008 0.32799999999999996 0.008 0.408 0.08800000000000001 0.008 0.008 0.08800000000000001 0.008 0.008 0.008 0.008 
0.0044444444444444444 0.0044444444444444444 0.0044444444444444444 0.6711111111111111 0.13777777777777778 0.0044444444444444444 0.0044444444444444444 0.0044444444444444444 0.0044444444444444444 0.0044444444444444444 0.0044444444444444444 0.0044444444444444444 0.0044444444444444444 0.0044444444444444444 0.13777777777777778 
0.005714285714285714 0.005714285714285714 0.005714285714285714 0.005714285714285714 0.005714285714285714 0.005714285714285714 0.005714285714285714 0.005714285714285714 0.17714285714285716 0.005714285714285714 0.7485714285714286 0.005714285714285714 0.005714285714285714 0.005714285714285714 0.005714285714285714 
0.28 0.013333333333333334 0.013333333333333334 0.013333333333333334 0.013333333333333334 0.14666666666666667 0.14666666666666667 0.013333333333333334 0.013333333333333334 0.28 0.013333333333333334 0.013333333333333334 0.013333333333333334 0.013333333333333334 0.013333333333333334 
0.0064516129032258064 0.0064516129032258064 0.0064516129032258064 0.0064516129032258064 0.13548387096774195 0.07096774193548387 0.0064516129032258064 0.5870967741935483 0.0064516129032258064 0.0064516129032258064 0.0064516129032258064 0.13548387096774195 0.0064516129032258064 0.0064516129032258064 0.0064516129032258064 
0.408 0.008 0.008 0.008 0.008 0.008 0.008 0.008 0.08800000000000001 0.008 0.408 0.008 0.008 0.008 0.008 
0.007407407407407408 0.007407407407407408 0.007407407407407408 0.007407407407407408 0.007407407407407408 0.37777777777777777 0.007407407407407408 0.007407407407407408 0.007407407407407408 0.007407407407407408 0.007407407407407408 0.007407407407407408 0.5259259259259259 0.007407407407407408 0.007407407407407408 
0.008695652173913044 0.008695652173913044 0.008695652173913044 0.008695652173913044 0.008695652173913044 0.008695652173913044 0.008695652173913044 0.09565217391304348 0.008695652173913044 0.008695652173913044 0.008695652173913044 0.3565217391304348 0.26956521739130435 0.008695652173913044 0.1826086956521739 
0.011764705882352941 0.011764705882352941 0.011764705882352941 0.011764705882352941 0.011764705882352941 0.011764705882352941 0.3647058823529412 0.011764705882352941 0.011764705882352941 0.48235294117647054 0.011764705882352941 0.011764705882352941 0.011764705882352941 0.011764705882352941 0.011764705882352941 
0.008695652173913044 0.008695652173913044 0.6173913043478261 0.1826086956521739 0.09565217391304348 0.008695652173913044 0.008695652173913044 0.008695652173913044 0.008695652173913044 0.008695652173913044 0.008695652173913044 0.008695652173913044 0.008695652173913044 0.008695652173913044 0.008695652173913044 
0.013333333333333334 0.013333333333333334 0.013333333333333334 0.013333333333333334 0.14666666666666667 0.28 0.013333333333333334 0.013333333333333334 0.013333333333333334 0.28 0.013333333333333334 0.013333333333333334 0.013333333333333334 0.14666666666666667 0.013333333333333334 
0.10476190476190476 0.009523809523809525 0.009523809523809525 0.009523809523809525 0.009523809523809525 0.10476190476190476 0.009523809523809525 0.009523809523809525 0.009523809523809525 0.2 0.009523809523809525 0.009523809523809525 0.009523809523809525 0.009523809523809525 0.48571428571428565 
0.009523809523809525 0.10476190476190476 0.009523809523809525 0.009523809523809525 0.009523809523809525 0.009523809523809525 0.009523809523809525 0.009523809523809525 0.009523809523809525 0.009523809523809525 0.009523809523809525 0.009523809523809525 0.6761904761904761 0.10476190476190476 0.009523809523809525 
0.009523809523809525 0.009523809523809525 0.10476190476190476 0.009523809523809525 0.009523809523809525 0.009523809523809525 0.009523809523809525 0.48571428571428565 0.009523809523809525 0.29523809523809524 0.009523809523809525 0.009523809523809525 0.009523809523809525 0.009523809523809525 0.009523809523809525 
0.011764705882352941 0.011764705882352941 0.6 0.011764705882352941 0.011764705882352941 0.011764705882352941 0.011764705882352941 0.011764705882352941 0.12941176470588237 0.011764705882352941 0.011764705882352941 0.12941176470588237 0.011764705882352941 0.011764705882352941 0.011764705882352941 
0.6799999999999999 0.013333333333333334 0.14666666666666667 0.013333333333333334 0.013333333333333334 0.013333333333333334 0.013333333333333334 0.013333333333333334 0.013333333333333334 0.013333333333333334 0.013333333333333334 0.013333333333333334 0.013333333333333334 0.013333333333333334 0.013333333333333334 
0.7176470588235294 0.12941176470588237 0.011764705882352941 0.011764705882352941 0.011764705882352941 0.011764705882352941 0.011764705882352941 0.011764705882352941 0.011764705882352941 0.011764705882352941 0.011764705882352941 0.011764705882352941 0.011764705882352941 0.011764705882352941 0.011764705882352941 
0.013333333333333334 0.013333333333333334 0.14666666666666667 0.41333333333333333 0.013333333333333334 0.013333333333333334 0.14666666666666667 0.013333333333333334 0.14666666666666667 0.013333333333333334 0.013333333333333334 0.013333333333333334 0.013333333333333334 0.013333333333333334 0.013333333333333334 
0.011764705882352941 0.011764705882352941 0.011764705882352941 0.6 0.011764705882352941 0.011764705882352941 0.011764705882352941 0.011764705882352941 0.011764705882352941 0.011764705882352941 0.12941176470588237 0.12941176470588237 0.011764705882352941 0.011764705882352941 0.011764705882352941 
0.011764705882352941 0.011764705882352941 0.011764705882352941 0.011764705882352941 0.011764705882352941 0.011764705882352941 0.011764705882352941 0.011764705882352941 0.011764705882352941 0.011764705882352941 0.12941176470588237 0.7176470588235294 0.011764705882352941 0.011764705882352941 0.011764705882352941 
0.006896551724137932 0.006896551724137932 0.006896551724137932 0.006896551724137932 0.006896551724137932 0.006896551724137932 0.14482758620689656 0.006896551724137932 0.5586206896551724 0.006896551724137932 0.006896551724137932 0.006896551724137932 0.14482758620689656 0.006896551724137932 0.07586206896551725 
0.011764705882352941 0.011764705882352941 0.011764705882352941 0.011764705882352941 0.011764705882352941 0.24705882352941178 0.011764705882352941 0.011764705882352941 0.12941176470588237 0.011764705882352941 0.011764705882352941 0.011764705882352941 0.24705882352941178 0.24705882352941178 0.011764705882352941 
0.6799999999999999 0.14666666666666667 0.013333333333333334 0.013333333333333334 0.013333333333333334 0.013333333333333334 0.013333333333333334 0.013333333333333334 0.013333333333333334 0.013333333333333334 0.013333333333333334 0.013333333333333334 0.013333333333333334 0.013333333333333334 0.013333333333333334 
0.008 0.008 0.008 0.008 0.008 0.008 0.008 0.008 0.008 0.008 0.888 0.008 0.008 0.008 0.008 
0.013333333333333334 0.013333333333333334 0.013333333333333334 0.013333333333333334 0.013333333333333334 0.28 0.013333333333333334 0.013333333333333334 0.013333333333333334 0.013333333333333334 0.013333333333333334 0.41333333333333333 0.013333333333333334 0.14666666666666667 0.013333333333333334 
0.48235294117647054 0.12941176470588237 0.12941176470588237 0.011764705882352941 0.011764705882352941 0.011764705882352941 0.12941176470588237 0.011764705882352941 0.011764705882352941 0.011764705882352941 0.011764705882352941 0.011764705882352941 0.011764705882352941 0.011764705882352941 0.011764705882352941 
0.0064516129032258064 0.0064516129032258064 0.45806451612903226 0.0064516129032258064 0.0064516129032258064 0.0064516129032258064 0.0064516129032258064 0.0064516129032258064 0.0064516129032258064 0.0064516129032258064 0.07096774193548387 0.0064516129032258064 0.0064516129032258064 0.39354838709677414 0.0064516129032258064 
0.009523809523809525 0.009523809523809525 0.10476190476190476 0.009523809523809525 0.009523809523809525 0.009523809523809525 0.009523809523809525 0.009523809523809525 0.009523809523809525 0.29523809523809524 0.3904761904761904 0.009523809523809525 0.009523809523809525 0.10476190476190476 0.009523809523809525 
0.008 0.008 0.008 0.008 0.648 0.008 0.248 0.008 0.008 0.008 0.008 0.008 0.008 0.008 0.008 
0.010526315789473684 0.010526315789473684 0.010526315789473684 0.010526315789473684 0.010526315789473684 0.010526315789473684 0.010526315789473684 0.11578947368421054 0.11578947368421054 0.6421052631578947 0.010526315789473684 0.010526315789473684 0.010526315789473684 0.010526315789473684 0.010526315789473684 
0.009523809523809525 0.009523809523809525 0.10476190476190476 0.009523809523809525 0.10476190476190476 0.009523809523809525 0.10476190476190476 0.009523809523809525 0.10476190476190476 0.009523809523809525 0.10476190476190476 0.009523809523809525 0.2 0.2 0.009523809523809525 
0.009523809523809525 0.009523809523809525 0.2 0.009523809523809525 0.009523809523809525 0.009523809523809525 0.009523809523809525 0.009523809523809525 0.009523809523809525 0.10476190476190476 0.48571428571428565 0.009523809523809525 0.009523809523809525 0.009523809523809525 0.10476190476190476 
0.011764705882352941 0.011764705882352941 0.011764705882352941 0.011764705882352941 0.011764705882352941 0.011764705882352941 0.24705882352941178 0.011764705882352941 0.12941176470588237 0.011764705882352941 0.011764705882352941 0.24705882352941178 0.011764705882352941 0.011764705882352941 0.24705882352941178 
0.011764705882352941 0.011764705882352941 0.011764705882352941 0.011764705882352941 0.3647058823529412 0.011764705882352941 0.011764705882352941 0.011764705882352941 0.011764705882352941 0.011764705882352941 0.48235294117647054 0.011764705882352941 0.011764705882352941 0.011764705882352941 0.011764705882352941 
0.010526315789473684 0.010526315789473684 0.6421052631578947 0.010526315789473684 0.010526315789473684 0.010526315789473684 0.010526315789473684 0.010526315789473684 0.11578947368421054 0.11578947368421054 0.010526315789473684 0.010526315789473684 0.010526315789473684 0.010526315789473684 0.010526315789473684 
0.008 0.08800000000000001 0.008 0.008 0.168 0.008 0.648 0.008 0.008 0.008 0.008 0.008 0.008 0.008 0.008 
0.05641025641025642 0.1076923076923077 0.005128205128205128 0.005128205128205128 0.7743589743589744 0.005128205128205128 0.005128205128205128 0.005128205128205128 0.005128205128205128 0.005128205128205128 0.005128205128205128 0.005128205128205128 0.005128205128205128 0.005128205128205128 0.005128205128205128 
0.011764705882352941 0.011764705882352941 0.011764705882352941 0.011764705882352941 0.011764705882352941 0.011764705882352941 0.011764705882352941 0.011764705882352941 0.3647058823529412 0.011764705882352941 0.011764705882352941 0.12941176470588237 0.011764705882352941 0.3647058823529412 0.011764705882352941 
0.010526315789473684 0.010526315789473684 0.010526315789473684 0.010526315789473684 0.010526315789473684 0.010526315789473684 0.010526315789473684 0.010526315789473684 0.8526315789473684 0.010526315789473684 0.010526315789473684 0.010526315789473684 0.010526315789473684 0.010526315789473684 0.010526315789473684 
0.009523809523809525 0.10476190476190476 0.009523809523809525 0.009523809523809525 0.009523809523809525 0.009523809523809525 0.009523809523809525 0.009523809523809525 0.7714285714285714 0.009523809523809525 0.009523809523809525 0.009523809523809525 0.009523809523809525 0.009523809523809525 0.009523809523809525 
0.009523809523809525 0.009523809523809525 0.009523809523809525 0.009523809523809525 0.009523809523809525 0.009523809523809525 0.009523809523809525 0.009523809523809525 0.009523809523809525 0.6761904761904761 0.009523809523809525 0.009523809523809525 0.10476190476190476 0.009523809523809525 0.10476190476190476 
0.013333333333333334 0.14666666666666667 0.013333333333333334 0.013333333333333334 0.013333333333333334 0.013333333333333334 0.013333333333333334 0.013333333333333334 0.013333333333333334 0.013333333333333334 0.013333333333333334 0.013333333333333334 0.28 0.41333333333333333 0.013333333333333334 
0.5304347826086956 0.008695652173913044 0.008695652173913044 0.008695652173913044 0.008695652173913044 0.008695652173913044 0.008695652173913044 0.008695652173913044 0.008695652173913044 0.008695652173913044 0.3565217391304348 0.008695652173913044 0.008695652173913044 0.008695652173913044 0.008695652173913044 
0.011764705882352941 0.24705882352941178 0.12941176470588237 0.011764705882352941 0.3647058823529412 0.011764705882352941 0.011764705882352941 0.011764705882352941 0.011764705882352941 0.011764705882352941 0.011764705882352941 0.011764705882352941 0.12941176470588237 0.011764705882352941 0.011764705882352941 
0.007407407407407408 0.37777777777777777 0.007407407407407408 0.007407407407407408 0.08148148148148149 0.007407407407407408 0.08148148148148149 0.007407407407407408 0.007407407407407408 0.007407407407407408 0.007407407407407408 0.007407407407407408 0.007407407407407408 0.37777777777777777 0.007407407407407408 
0.488 0.168 0.008 0.008 0.008 0.008 0.008 0.008 0.008 0.168 0.008 0.08800000000000001 0.008 0.008 0.008 
0.011764705882352941 0.011764705882352941 0.011764705882352941 0.011764705882352941 0.011764705882352941 0.24705882352941178 0.011764705882352941 0.011764705882352941 0.011764705882352941 0.24705882352941178 0.12941176470588237 0.24705882352941178 0.011764705882352941 0.011764705882352941 0.011764705882352941 
0.013333333333333334 0.013333333333333334 0.013333333333333334 0.013333333333333334 0.013333333333333334 0.28 0.013333333333333334 0.013333333333333334 0.013333333333333334 0.013333333333333334 0.41333333333333333 0.013333333333333334 0.013333333333333334 0.013333333333333334 0.14666666666666667 
0.011764705882352941 0.011764705882352941 0.011764705882352941 0.011764705882352941 0.011764705882352941 0.011764705882352941 0.011764705882352941 0.011764705882352941 0.011764705882352941 0.8352941176470587 0.011764705882352941 0.011764705882352941 0.011764705882352941 0.011764705882352941 0.011764705882352941 
0.005714285714285714 0.005714285714285714 0.2914285714285714 0.005714285714285714 0.005714285714285714 0.005714285714285714 0.005714285714285714 0.06285714285714286 0.2914285714285714 0.005714285714285714 0.17714285714285716 0.005714285714285714 0.005714285714285714 0.12000000000000001 0.005714285714285714 
0.013333333333333334 0.013333333333333334 0.013333333333333334 0.14666666666666667 0.013333333333333334 0.013333333333333334 0.013333333333333334 0.013333333333333334 0.013333333333333334 0.14666666666666667 0.41333333333333333 0.013333333333333334 0.013333333333333334 0.013333333333333334 0.14666666666666667 
0.010526315789473684 0.010526315789473684 0.010526315789473684 0.010526315789473684 0.010526315789473684 0.010526315789473684 0.010526315789473684 0.010526315789473684 0.010526315789473684 0.010526315789473684 0.8526315789473684 0.010526315789473684 0.010526315789473684 0.010526315789473684 0.010526315789473684 
0.010526315789473684 0.010526315789473684 0.6421052631578947 0.2210526315789474 0.010526315789473684 0.010526315789473684 0.010526315789473684 0.010526315789473684 0.010526315789473684 0.010526315789473684 0.010526315789473684 0.010526315789473684 0.010526315789473684 0.010526315789473684 0.010526315789473684 
0.010526315789473684 0.7473684210526316 0.11578947368421054 0.010526315789473684 0.010526315789473684 0.010526315789473684 0.010526315789473684 0.010526315789473684 0.010526315789473684 0.010526315789473684 0.010526315789473684 0.010526315789473684 0.010526315789473684 0.010526315789473684 0.010526315789473684 
0.013333333333333334 0.013333333333333334 0.013333333333333334 0.013333333333333334 0.013333333333333334 0.013333333333333334 0.013333333333333334 0.013333333333333334 0.013333333333333334 0.8133333333333332 0.013333333333333334 0.013333333333333334 0.013333333333333334 0.013333333333333334 0.013333333333333334 
0.14666666666666667 0.013333333333333334 0.013333333333333334 0.013333333333333334 0.013333333333333334 0.6799999999999999 0.013333333333333334 0.013333333333333334 0.013333333333333334 0.013333333333333334 0.013333333333333334 0.013333333333333334 0.013333333333333334 0.013333333333333334 0.013333333333333334 
0.010526315789473684 0.010526315789473684 0.010526315789473684 0.431578947368421 0.010526315789473684 0.010526315789473684 0.3263157894736842 0.010526315789473684 0.010526315789473684 0.010526315789473684 0.010526315789473684 0.010526315789473684 0.010526315789473684 0.11578947368421054 0.010526315789473684 
