Topic1	Topic2	Topic3	Topic4	Topic5	Topic6	Topic7	Topic8	Topic9	Topic10	Topic11	Topic12	Topic13	Topic14	Topic15
1.2102118564676039E-5	6.216787516035065E-4	0.033773475854297276	0.024345043805671332	0.17577098226889376	0.017715175585981933	0.031625153983335534	0.5780155888419716	6.299625566660942E-4	1.8272149652641937E-7	0.024251011967079492	0.09531130269159613	0.001286908461460576	0.0033120272767819497	0.013329403114599932
0.017865190548369228	0.0011178593436872914	0.0887502065641892	4.725154361480212E-4	0.3446816409988809	6.87514519081822E-4	0.014345884798425206	0.15099662971488365	6.264831594233451E-7	7.981545743896662E-6	0.013867713149898292	0.07388776300064512	0.06352269114000365	0.20633634709555287	0.023459435661331407
1.642676394225185E-9	0.040800340704640045	0.038859608111573095	0.004955396280119139	0.7861091868368546	0.0016241896824698962	2.6638626112602636E-9	0.10776016573279038	2.6678019429134338E-5	4.511745165242629E-9	0.004953981865148651	9.36408262986572E-6	0.0031128129529219544	1.4510082351237336E-6	0.011786815904904024
0.037291280911284155	0.0068517577500647	0.03649570786216414	8.184321163893821E-4	0.8476435871306973	0.0034713217816637314	1.131760257530361E-8	0.007869051555031143	0.003882174982345551	0.02976410124339468	0.005953543408552328	2.6178896310285784E-5	5.905588490144625E-6	0.019912824184104717	1.4121271905198055E-5
0.011345905903047938	0.032969435235839846	8.421174546643513E-6	0.0210342984103698	6.762778028950832E-4	0.394119188146731	0.05474757544557939	0.0014379190139321607	6.262906178109108E-8	7.808734787689331E-8	0.45076443810775685	2.6655070704547833E-5	0.032752956722996635	1.0909132867627205E-4	7.696920514194785E-6
0.07992363593243434	0.0032386289354108585	0.07991413480778838	0.0012872454649282704	0.09053861828541394	0.0011874251383826725	0.02414839235134078	0.06029848212818241	0.0052958378229492386	0.00678575039230979	6.40736721614749E-4	0.4113918598968533	0.16744741575836294	0.05221389033501441	0.015687946029013952
0.0038683416746065125	1.0398933933502945E-4	0.030700313568370895	0.008705118089528468	0.19692551560600835	0.0018738943911286309	2.545037809715931E-4	0.11479888753132629	9.197120673801448E-7	3.5577567174018664E-8	0.002766393422598845	0.15685395444504877	0.0021021034925288572	0.004159064814529116	0.4768869645543841
0.02905061382849501	0.037687303381787746	5.248730799201969E-9	0.0019726383669377693	2.2326685084615535E-5	0.035347229392419785	6.693550365134215E-9	3.947513937543923E-9	0.01668771726058713	0.004675356633190461	2.900947192466139E-5	5.036806863604165E-9	5.143056516759501E-6	0.013882484755925774	0.8606401562405284
0.020688916172716607	0.06239351004974788	3.112935662233697E-6	1.7319198005332717E-6	0.022877206596211133	0.006858831717650224	0.017671378495106745	0.01246632395698407	0.0067770872656408975	1.12843369392576E-8	0.825815144164732	0.0201936004486671	0.004227356521547396	2.2953823565316867E-5	2.834647631271767E-6
0.020387951223618833	1.8927544498902255E-4	1.4904329518619178E-6	0.22154524749283327	0.10835729876099481	1.0806528591776626E-4	0.023482515366364972	0.23977218805602066	0.019455291088958958	0.0021857821588961127	0.17126553423941956	0.16023759305758883	0.030460520866839084	0.0025470295405682925	4.216984037888772E-6
0.015533791934202958	0.011032406498299707	5.981395829430988E-4	2.902113914007672E-4	0.07495368750401081	2.170353546329103E-6	0.002000962381199322	0.017383165087094834	0.04566470627659414	0.07989690109609499	6.872721315801413E-6	0.6949834466630911	4.337374439287327E-6	0.02123784025625904	0.03641136087950802
0.006559263132903786	0.0022050428207459503	0.10728797937578197	1.214362669829404E-6	0.005305575153401564	0.14817212918152173	0.34794667923059075	0.2605853496750393	0.013926004870720895	0.07191564790712189	2.2947905935320033E-8	1.60718807537992E-5	3.958015861999474E-4	0.024929201994357483	0.01075401588028512
0.018508308510820606	0.08034910615333664	0.029605526137148043	0.003631797681348667	0.05928289191609491	0.006468142932312728	0.014085608099577433	0.012262378102738383	0.06319153278992383	0.04475037956701291	0.5588623580650913	0.10297564069635773	4.613919240612688E-4	0.0018497076861897002	0.003715229737985838
0.04922146507162367	0.005891604564511307	0.09916757267296819	8.778899429614707E-4	0.17895687361477	0.029798378085185064	0.01803557072749235	0.11454408758548215	0.002330727948118801	6.880404942633149E-5	0.12733471236264363	0.08979490955674065	0.05219801294683879	0.2235588719555335	0.008220518915704163
0.06582427923559574	0.09387204962502817	0.004050275527028414	2.6164514411223145E-4	0.09048728261748466	0.0326934086705736	0.05318667623172684	0.008353347413746352	0.08863809094031817	0.003974623806822045	2.8558743278407003E-6	0.0035983611728087005	0.022329537508337268	0.5322054259938345	5.221402382554629E-4
0.051867492584197886	0.059167511594324006	0.012536234138160362	2.4553974994902106E-5	0.04173164965845714	0.019372146090407782	0.6063289856760621	0.010605643988464853	0.04622382721990074	1.5573144914109928E-4	3.273526310077531E-5	0.044505143048173774	1.8368688798727114E-6	0.012775157247509761	0.09467135119822497
0.06966018044425272	0.0031132186161318396	0.11461370314117929	1.2530560991421946E-6	0.17984141199227807	0.0023453188794757118	6.865980217635463E-4	0.01612522809895065	0.13745200909367758	1.580893164806754E-5	0.17280836278859718	0.23884577243411537	0.025350039626070662	0.03912846622502615	1.2628650733997395E-5
0.08309457684365992	0.12468036004666683	1.2459748476833342E-6	1.6369624480640273E-4	3.30220932536185E-5	0.0016868459476855817	0.4171466674243641	0.012367955352982398	2.0927360561271604E-4	1.4269609916968422E-5	0.25231144155596097	8.550844251187116E-9	0.00409596931203089	0.09509464762351436	0.009100019813853442
0.05834433119305695	0.005898042533721386	0.3792222054475672	0.01873376221316177	0.05794416935484446	1.0511890995662997E-5	0.1789305241728852	0.019400984522453344	2.7914954981241473E-5	9.458267084900167E-5	2.690860572125041E-8	0.0839803540598197	0.19427444268978872	0.0031249917427963203	1.3155644473367524E-5
2.8880433774651124E-4	2.2481871851172763E-5	4.937759235990386E-4	0.001314837972034658	1.900939571048603E-5	0.9814709650520441	0.0033457630360134703	0.003685458237081671	2.001178212378881E-8	0.0021282945937866	4.835675211093175E-7	1.1613097820412936E-6	2.0927331453533514E-4	0.007016696262987568	2.9751135241062747E-6
0.031182924994746904	0.0027659630109743718	0.151665675191396	0.03142666964966604	0.17097265867411698	0.13095880934863693	0.004282993233427483	0.03563085216921018	5.140449273880304E-8	0.004775239075728044	0.3265280206595116	0.003527723028899368	0.1062592465186861	1.0813576163954967E-5	1.2359464343293547E-5
0.021243383016168845	0.09951397234848569	0.025200364805872174	5.421416084350054E-6	0.04644131484923487	0.031988738843968974	0.02725142950063072	0.010475199289198394	0.007152845206103944	0.06844345970281002	0.5337126201083338	0.01620438444502588	0.004919543248120443	0.09419565130805357	0.013251671911908559
0.05202559370099845	0.020534258428554625	0.06546292625677992	1.1998161829568861E-6	0.17602422066989198	0.09489466542147591	0.19024550326550285	0.10750951961139038	0.043354198146100864	0.0091640561268009	0.014179188241243942	0.0061796983030746825	6.605772096632707E-5	0.19765999730693304	0.0226989169841032
0.0034740639831362407	8.30302994977848E-5	0.7464950079641723	2.180317002909216E-4	0.0014250223009680207	4.8354646831198454E-6	0.02325924309567104	0.12835445900012304	1.229078764372418E-4	6.299036635984169E-5	4.149039132926413E-6	0.03649152756146905	0.0035374816620862607	0.03834915504002362	0.01811809464594854
0.020547504414820793	0.004778533683915535	0.002788664540579847	0.0016451194469534545	0.80075107627348	0.007622708677994211	0.0010544165054541964	0.009852575775984298	0.0010017125871229638	0.001800466576965847	0.07867491326706608	0.005633088088191695	0.011292698218999803	0.04888740773397056	0.0036691142085002603
0.19997883860603582	0.03431143997578349	0.17748975892123214	4.8573551747458233E-4	0.3107670230665522	2.146676799429466E-8	2.4929114923194134E-8	0.02076051071367193	8.797277289196102E-5	6.242023633949726E-5	0.02822613572876894	0.06666791007950489	0.02516264421003037	8.572082482029423E-6	0.13599099169334922
0.01251454815482592	0.0164213447982809	3.791983539097555E-4	0.7583921902994272	0.016244658057931165	0.012630482776698463	0.011494556016182064	5.058186100055342E-4	0.04781534927373594	4.142614016989099E-6	0.04098294079380323	0.08157920635723344	2.9657825214295667E-8	0.0010254122311453206	1.0122004978849219E-5
0.07008612396673651	0.1788161133770271	0.03940586111486888	1.465074609551181E-5	3.8107103193090033E-4	0.48002428406304815	0.06228984948494171	3.158771063311452E-5	1.526837638801933E-5	1.126759388844231E-5	0.035248290059792534	9.977410398032697E-9	1.4432301351565695E-8	0.1325048182615827	0.001170789803354738
0.01909243712178986	0.203626357057457	7.592994695853872E-4	3.6690250288645044E-6	0.03599067377366359	0.6960799507172474	0.018976263396109996	5.087990285253623E-7	5.088940208335622E-4	8.480535584865075E-4	0.017190995612913318	9.114452579982587E-9	4.505306193665418E-4	0.0016776844080477052	0.004794673305989178
0.007172018071500934	0.07121306319312888	2.7612641228430445E-6	0.08612072318461444	0.569422049394404	8.578599033367004E-4	2.1428912732385143E-8	0.0033007764222553037	0.001625453823241147	0.06208104035755594	0.009585193092638817	0.1096938555737539	0.0037686638744340592	0.07514822685598951	8.293560110553785E-6
0.05845740886759844	0.0036661076047828315	0.0656349521745272	0.3086281768228847	0.032200631348649186	0.005421549595912133	0.131111709667649	0.28329841467725503	0.02696402245960143	0.023029637863014447	0.05210474646283635	0.0022064816893540696	0.002132492519576378	0.005130418317826451	1.3249928532263608E-5
0.07723250336892762	0.006536954923119925	0.00785566662596618	0.0135055129146031	0.3442147524266614	0.03240025830679277	0.005880511490398467	0.04143496027186782	1.4052297862490099E-5	0.0021945408631678315	9.014152980984465E-6	0.016951344617287683	1.2840603848821071E-5	0.4251960386472774	0.02656104848923778
0.25614699492328935	0.0030973311275616314	0.11337851708108022	0.08298495508071126	0.038490786620543255	0.030709371930901404	0.004698619505625028	0.05334218878362956	0.09006951240612518	0.18781261231663382	0.052294230982390694	0.06695485486122599	1.3089720042207882E-8	0.011871789522892692	0.008148221767669868
0.043250231572921516	0.0027301272409469947	0.5501313802660915	0.01963006544128878	0.013420060017285235	8.906801440901153E-4	0.021608246687299878	0.019077066591538166	0.01172142572638725	0.023143882855421634	2.2956561266908453E-6	0.22495957849744228	0.009522081819925088	0.059216017819351686	6.968596638832141E-4
0.020961448989149898	0.007318930468576012	0.009913576968569676	5.177715905984224E-9	0.8948545200994166	6.21266316082067E-4	8.846781846386932E-6	8.525674576684763E-6	0.008361792676338476	1.1813681379924455E-5	0.014232424818954113	3.86028814940259E-9	3.8506363645125475E-6	0.039913722854871575	0.0037892709958701675
0.011939129971859645	0.002518629116948505	0.09379403697499873	0.0046182011659112385	0.12990139906691145	5.22683622706628E-4	0.03638939510600562	0.4472820605970796	0.012560585762087292	0.04017209412855419	0.011628237396454	0.10271885606259139	0.013561763914390526	0.09018286814540799	0.0022100589680933806
0.036207947799594714	0.12503311499805494	0.0011358019568374644	0.0017226545260805653	0.0768959884786799	0.00928668008719356	0.0018005645346388472	0.021369976564766847	0.07146435010518062	0.09951456409535997	0.4446270112986622	0.01574180377950818	0.015905505122326035	0.078018555615173	0.0012754810379431206
0.03487029939422058	0.13476390340456348	0.02494021042148723	6.577188979815901E-5	0.035596857027118	0.0032897775747818703	0.3808314211587946	0.2593095136748051	1.1092320244887003E-4	1.2238828167576247E-5	0.08042351648765436	0.0035891582349497023	9.801997970102828E-4	0.03403623117706058	0.007179977727139528
0.09555705387696327	2.7887894697017836E-4	0.046148667441737734	0.09365860581859647	0.034556494008148884	0.002628357802134237	0.015989929358468553	0.22710928089397547	2.4725065357557373E-5	0.016509245396526356	0.35686921908788816	0.044361691554687874	0.03862923721461231	0.027678583392571714	3.014136122696797E-8
5.37666519684197E-5	8.756494729281485E-6	0.15206634200610286	0.023858177145011115	0.053960473862756486	5.220539514284378E-5	0.23659769304973136	0.04196827895226703	2.0179536323384277E-6	1.0072721452243527E-7	5.485673964719358E-8	0.2526685623859277	0.09008871212014115	0.14351293296426387	0.005161925434371383
0.00684871671693951	1.8361758566251703E-5	0.47529264943193766	0.007521258015997508	0.1299411855068284	0.002733545271146666	0.010515620274539486	0.09014578170203844	0.09784831867547084	0.008037923024781046	3.040921641209433E-8	0.016052716893157	0.11579719958307119	0.03923152165602129	1.5171080288242034E-5
1.3016911561254408E-8	0.06726048522913543	0.0038682672103931112	1.5873103906807704E-4	0.12877806382551815	1.1018392024237755E-5	1.3956845429252685E-5	0.04140972948710271	0.4712470772747018	0.18473534859571766	0.029212932521021816	0.06218548869796154	0.005773231367990034	0.005339592891564454	6.06360546011682E-6
0.27996677620008653	1.0704363485094762E-5	0.15004627417836008	6.418709460954358E-6	0.08936769977463031	8.042834587294069E-4	0.02028641535764918	0.19299731007530305	0.13272182589680634	0.12503290963121674	8.794983289063044E-9	7.174933397332837E-9	1.0378524771130826E-8	8.586275325065273E-9	0.008759347419555495
0.001219909362660186	0.007618301957707056	0.02003728778384598	0.0055431555918709005	0.0038394994280379615	0.028055178066179666	0.8376218073519376	0.003525885094772699	1.653902022353944E-5	1.362042262020155E-7	9.441089955196437E-6	0.007060863573537712	2.5726085892172308E-8	0.08544416837695924	7.801372000216115E-6
0.19853815688923054	0.0961941273618354	0.22297234738710184	0.05270874864453864	0.014713710507986111	0.004002638198473237	0.07573421667063891	0.03147517118411135	6.275452272562526E-6	0.0456561045885979	0.2106198133454609	0.04297379188373564	7.762144586831163E-4	0.002815287231848831	8.1339619548512E-4
0.027330616517595212	0.018607920822682644	0.12521211239244148	0.025287660097483816	0.11590151837606553	7.135075431473778E-4	0.022377539604536836	0.4843404651037907	0.017731487592824387	8.599568674810187E-8	0.005475369506379117	0.09633209102650335	0.010705848690372182	0.002476434245313557	0.04750734248517697
0.26950682270932247	9.854525352902253E-7	0.3668983652690327	0.04135443554607642	0.038965761091991284	1.8845433537407068E-6	0.010829089519071897	0.08250943802657518	6.489349977207597E-5	1.0916372539644468E-8	0.001589564014312064	0.11924522456568237	0.05922561138328872	0.002413505367699707	0.007394408094913634
0.7186552480269105	0.003479557608345873	0.029958847837229748	0.004644445958629969	0.003928654185518913	7.804092190319252E-4	0.0043176808193798035	0.07423499662577045	0.004281813324021794	0.004284900118755089	0.022362946710080038	0.07989915032050372	0.03825661788649693	0.0024139954607641204	0.00850073589856119
0.03311542765137387	0.005024784626254156	0.5869065613578631	0.27150783416864116	0.00956540764982827	2.5735906556135905E-4	0.0012304251793373118	0.06333056596938717	0.010107100027891796	0.0015561632342674387	0.015447471923894993	1.6038908002401408E-5	0.0012048697364729322	7.291478716185822E-4	8.426296057000966E-7
0.37592117992489765	0.0027158190208107654	1.7851525217904198E-5	0.27062554596550426	0.022174493175747923	0.0015686313703025105	6.66894037421746E-4	0.2006889881693738	0.008446993735913639	3.480590413428867E-5	1.1743923715888504E-4	0.07260029376334143	0.042333222480021165	0.00205495426432726	3.2887425826841486E-5
0.03389127899913083	0.004250306792433635	0.0014910880649199197	0.006426687518322749	0.028065254594563882	0.01720537601187414	0.011579698210108073	0.043236064662059634	0.011873296465656515	0.012199132070606957	0.020591691539036124	0.03426204299213959	0.03815541557268376	0.735722497982086	0.0010501685243781908
0.003704511430189741	4.282870052291165E-6	0.15900694384600392	8.301068112743754E-5	0.02381322025320497	0.0044352473206930275	0.019696098177402116	0.010083808310558858	0.49006255695682904	0.004854869291706911	0.04067968476093734	0.18344373988613624	0.056364802802485174	0.002440067372192944	0.0013271560404798913
0.061606590526034406	0.029235163393245795	0.013837663615455091	5.733274679388845E-4	0.05070834960580714	0.004978682550073495	0.015813911118583726	0.013209376167850048	0.5819070793323589	0.006180886571497604	0.07548087412822285	0.11165699615241437	0.006547450300776131	0.02424228655481592	0.004021362514925442
0.39263973218009435	0.011246322905034642	0.025665241422421107	0.022562258992479142	0.06671901252229573	0.009053621027243105	0.0884727457700748	0.10824506022965794	0.007975623865318733	4.6105304098554735E-6	0.04700296984076108	0.10185619812720538	0.10770159726991986	0.004322603516291432	0.006532401800792949
0.006451794747069722	0.004893806215590854	0.007439417619618346	0.006164623769121044	0.044077988803948094	0.002354802410221532	0.005181169354929149	0.5545075689213109	0.14089726824618523	0.010005411164473994	0.030820046030176847	0.18696184240603292	7.780873588752371E-6	9.113845281029883E-6	2.273655924515676E-4
0.30761455943624805	0.12212099946239283	0.003119244227430879	0.018521364017824005	0.0475227143625801	0.15722530183949382	0.0035065593974653456	0.0959859066720808	5.6487091785889676E-5	9.556431497244036E-6	0.11626900558038375	0.004358822452210607	0.11073619990938742	0.007476776482312158	0.005476502636907005
0.10053103825760674	0.012299907679459855	0.1430783552771728	0.10433144964706441	0.29470159132562834	0.019794043500935825	2.2300326576495416E-5	0.027836939386821954	0.020954958948648825	0.10285791410116499	6.283796529358849E-6	0.07301094138250938	0.014363181740496627	0.0783927804668341	0.007818314162550358
0.005091231820883769	0.004253097705211948	0.0016847411525894552	0.02005994354616651	0.07444255323434838	0.0030861858878484805	0.005852941747389415	0.6238203371145584	8.699174591916166E-6	7.275873236898322E-4	0.03543937239611046	0.18245820218638842	0.04306722434711914	6.496018485071834E-6	1.3863446188471763E-6
0.030105273057438937	1.8199188986897278E-5	6.339796750773416E-5	0.006381066343424378	0.0019448592831970914	0.04934258530854039	0.05461532471810139	0.008628222029490146	7.097258717048936E-7	1.226725832978047E-4	0.021181063731343732	0.014493609553163034	3.665755870904698E-5	0.0016907670674181508	0.8113755918835095
0.014697902797688468	0.05039979503682937	9.862063298101139E-6	0.0019265528173966944	0.019016055256625242	0.008951410866684861	0.757696464689234	1.7907761020651705E-4	0.04956594292314011	5.967212879248492E-5	0.011565040196818721	1.4433683299373766E-4	0.039106960404457276	0.036064862871813944	0.01061606350402049
1.709787028252533E-5	3.414217434128866E-4	0.1214794727778583	0.5833485526908775	0.010248702572449251	9.986382879952452E-7	7.046800005005552E-9	0.0015475812412880745	0.26875008340951734	4.567171823404747E-6	0.01259773273163106	1.4671675975766074E-5	9.505535893659182E-7	1.1638815848077494E-5	0.0016365210603586967
0.1444182929760776	0.011491104563979894	0.02880969789862434	0.02856012302841659	0.07381013797162826	9.996341867208854E-4	0.060067935137052136	0.02648480391094213	0.002998136926114	6.973018908014032E-5	0.02165998704413689	0.02141078445608306	0.08857597413584818	0.4874422639998623	0.0032013935754333987
2.6837500336680992E-5	0.0024030870683793303	0.13930343781734567	0.4842834828844547	0.170298574992203	0.0014065728058938534	0.011401504991731289	0.026647792838103618	0.011107915301027362	0.010015447146911495	0.009029895933072766	0.018861146822606253	0.056347499544097776	0.05619536450141725	0.002671439852419093
0.007498833009080818	0.01846166505820563	0.05676863696327244	0.0014481161336342763	0.6062269295432008	0.06857327872012964	0.03510615953299087	0.010406891284963868	0.09979239439667043	6.264028981436653E-5	0.045602681669692606	0.020066562403081488	9.079742811214989E-4	0.017405341041245574	0.011671895672895833
0.334860459522225	0.08191457085796054	1.2939829206201167E-4	4.2279173027435536E-4	0.06583357568723183	0.002344906587954095	0.06720961269628818	0.1771395431218853	0.024319821561588538	0.029041908267251667	0.16686380755582278	4.07666131593384E-8	9.674403070360266E-5	0.04977394244497027	4.8876877168584395E-5
0.057078546046469725	5.2067124321435845E-5	2.6781435763774897E-5	6.45896660307319E-5	0.04180464125145261	0.010336463372668246	0.17560520776645858	0.3747341713413482	2.4036507630689052E-5	0.020065435177939732	0.07424821563110731	0.011278428877485243	0.23460193303583898	5.2508895280389137E-5	2.6973870204385947E-5
0.028988561802137398	0.3667998327152449	4.803998581479413E-5	1.2862509265626346E-6	0.15353041380348223	0.011858462532577682	3.394843214315577E-5	0.06905584254646341	0.13851474998110372	2.656080801456956E-5	0.21735106641186294	1.6215564216294575E-5	0.010880020067460864	0.0028698992879761923	2.5099810575224354E-5
0.18747976703681923	0.02110697420487024	0.30019807944878574	0.012011741286606108	0.024087172862126513	0.02702882999476619	0.03397224188511199	0.15053711347942939	0.02243573360368318	0.10156119238972688	0.0013536836886546802	2.289399236198908E-5	0.0033518195554292805	0.11481323343264788	3.952313898072E-5
0.010383420126945462	5.700475610706039E-6	9.010659906775089E-5	0.33757922113924366	0.22668164880567787	5.002050238343523E-4	5.926999093602149E-5	0.11395621719438868	0.026069856817701763	0.015744362035363967	0.09065190430674289	0.15702811847747625	0.010831869583653203	3.626080389816456E-5	0.010381838619459245
0.030693182429992038	0.09080558180486631	5.937973322934455E-5	0.06401725083878192	0.4069036233997648	0.05799083206314382	3.401005866138132E-6	0.04600196096537827	7.67159080044211E-4	0.008271680740070517	0.07694929705757778	0.04904153954048942	0.05858374666542861	0.10830614432258148	0.0016052203527852258
0.030301159687489018	7.2118831423932755E-9	0.09168325847221204	0.044436553790491606	0.040638044659282314	2.990180006724442E-4	1.6253610671563098E-4	0.004323121382804097	0.0035626260438479346	7.89729288993841E-4	0.005288773037887202	0.7265842392410811	0.025634615513710726	0.022165613712305368	0.0041307038506236664
7.718683606614083E-6	1.5285013491391117E-5	0.051561890597591704	0.008311451862620351	0.003842994790776601	6.358906838612784E-4	0.0012268359469324833	0.006576417496268378	0.7864226814268448	0.003741253092223727	0.021312781760475526	0.09024554499355258	0.026053574301204516	4.375955757931888E-5	1.9197929708823974E-6
0.12580313273282512	0.06415803162650614	0.0832339795400814	0.0011280028835098331	0.19934881891827436	0.027463428431909437	0.03229024847355514	0.01444977332885935	0.011630307736292408	0.0016149584333092235	0.04016956359663776	0.17449072330821624	0.0054573932203294834	0.06741203019702544	0.15134960757266866
0.04721594616785079	0.015038492988154932	2.510698488550656E-6	0.4671115644906046	0.058071557943228734	0.0053671928568678855	1.4188998770923533E-4	0.002920788452382826	0.03877097284536927	9.780493866099287E-4	0.1465549493226267	0.010722817959886171	0.07669785974435943	4.758378770961372E-4	0.12992956927876465
0.05589402429286908	0.002660797053537779	0.15334908975517955	0.010746497445619027	0.029871081984106283	9.007210781609002E-9	0.006271376200396321	3.081897918925989E-6	0.01954943326998907	0.08907254781991474	0.1110234193163794	0.22882976823299442	0.13582252915520093	0.1560336797327965	8.726648358874405E-4
3.2293715879046517E-9	9.823636701315737E-6	0.011302004483033774	2.846270122843305E-6	0.052625345800987884	3.484782154261353E-4	7.421866966479016E-4	0.045782716724080456	1.071533528374748E-4	0.006307283201996483	0.0013137117995018523	0.08805356933394269	0.5547433639391127	0.23735307941964676	0.0013084338965900896
2.628220318561004E-9	5.055367870858732E-6	0.13801239558457815	2.1823920259556243E-5	0.13918125364352785	3.621059725806541E-4	3.1576529973335107E-6	0.02100869169621836	0.32749613736790456	0.010398916339139084	0.03642553414594982	0.2757619522671558	0.033867518413958964	0.01744455452616932	1.0900473469477806E-5
0.4448710319184764	0.001401122898412883	2.5439678516362658E-8	1.3692348906876727E-5	0.17229067784464158	0.004416476905833751	3.24424657953474E-8	0.0026210870531215903	4.4069875903510126E-8	2.1013528660973458E-5	0.07076058822381141	0.020380031960073115	0.027188508493600386	2.921457376003977E-8	0.25603563765786685
1.2056567108517533E-5	0.02964086232021556	0.001015962416703743	1.8320206158896014E-6	9.831693949192753E-6	1.0336969481829298E-5	0.828438398302776	0.0052551397453676615	0.03855782414573692	0.020132534899689896	2.0877235676132623E-8	0.03482154985683379	0.039751900163314084	0.0023388172489670293	1.2932772004262281E-5
0.0037580134738531635	0.019933366168289553	0.009735642229309194	0.014165158756175312	0.20276669106851486	0.19677457176090082	0.002866969726887283	0.19029140397896047	4.8958409086683085E-6	2.711533707035496E-5	0.005708231228435562	1.2664778740809375E-5	0.018421903757842424	0.33542517374996783	1.0819814414342209E-4
0.016693363234767125	0.05405854820072683	0.012436744096854913	0.0015780058989800063	0.00937328106309713	0.014753268725881499	0.6658443145443359	0.05711012075812606	0.0067380308449776615	4.3888697941604917E-4	0.004699406396322639	0.011172689249864897	5.220038164370657E-7	0.14305295130409118	0.0020498666987414237
0.014515253777877345	0.08004964792520054	0.06984951466493261	0.0026760411270611846	0.5794656942297868	0.006213564157728783	0.0033784145682007483	0.018116273757232855	0.08914116061026985	0.00447520503004052	0.01836460957759804	0.013048835294024825	0.0061459278526761595	0.07749991529027578	0.01705994213709448
0.1475766601951572	7.254135638535599E-6	0.19269276091509022	0.0016452202117979195	0.16784586593923953	3.166717021495682E-5	0.06624383003042998	0.21598273804375173	2.035849758111706E-4	3.485867234838629E-8	0.1778608023315398	6.0629680848928504E-5	0.003314253023611429	0.02145493497645263	0.005079763511743576
0.0025351237107701517	0.10025870454804524	0.010021903920826093	0.022841501398885453	0.05590247113180201	0.7421726358736078	0.02596362560125335	0.016254750942093898	0.001695290948797847	1.913986888969818E-6	0.01665290029436843	3.9252224097579926E-5	1.8385504457446746E-4	3.11171400170767E-4	0.005164898973817893
6.368448939407892E-7	0.01935636120171175	0.008336101899428551	0.017595123494611082	0.20187447130056266	4.363225022267357E-5	1.4701277118563861E-8	0.7302892524681588	1.9970228598688554E-8	2.489933815738075E-8	0.005076433353276315	1.7772646119348083E-5	0.013219326794006524	1.0481161507084686E-4	0.0040860165610934664
0.44839011813622004	0.005038459326468461	0.27189951306161053	0.0029451754499722313	0.07674312525828338	0.005672529736599959	0.012479322276313588	0.011216067140243157	0.013095262755796094	0.045099487275324056	0.07333426667580237	0.02341950428165308	0.00397111588017328	0.006688532749412192	7.519996127722203E-6
0.06820906963619731	0.4547450086486474	0.09747874310026147	0.2649444413597059	9.09743129416728E-4	0.021049251750864962	0.009686982128952505	1.4093869448497197E-5	4.0399478467260964E-8	0.016757895976595258	0.009767997105758134	0.05512509773667011	3.2371610132373814E-8	0.001294248565879009	1.7354220514086944E-5
1.724113424819709E-8	0.0029098791624218865	0.10410238108814167	0.003925304777416605	0.18507519971937342	0.0028429475829223013	0.007005420013456888	0.038382030884379394	9.30528803681922E-6	2.5823205451063856E-5	0.04192665783373323	0.03399657511973856	0.05194864305979653	0.48847306765701565	0.03937674736698166
0.025200569772671925	0.013365373566132037	0.0987287264519259	0.301268679685815	0.037075846677225424	0.0234919965232509	0.011294627412518595	0.1543022947599189	0.14766803152708752	0.0032566873626013633	0.050892131469785884	0.03707707160100606	2.2513491433852852E-6	0.046512743552170784	0.04986296828874634
0.3659081425976334	4.589493624587315E-8	1.1093509745656399E-4	0.042012338194227034	0.010312938388851988	0.0050133663699223115	0.05350665507340217	0.10946043871838151	2.8414931840291195E-5	0.0027670413446912612	1.582394437660597E-4	0.09400086474825343	0.06195347755840205	0.2546724285701833	9.467306805250044E-5
0.3168027925556777	0.16065540667012085	0.02092508067672355	0.0052791366637475	0.015537585978421035	0.10965259549950143	0.10766623618238796	0.09445803039756578	0.04167433763769032	0.003444358059751623	0.043089824494566574	0.03269112387701248	0.002467278288643312	0.03955265935625955	0.0061035536619304
0.33919251915345894	1.5865123230311617E-4	0.3059035045752655	0.12452477260205178	0.011958652646831694	0.00826507208007422	0.026532517006245163	0.08134086236111125	0.005130838944461014	1.8476919529469702E-5	1.0223233338710514E-8	0.010895628218691479	0.00841937426046598	0.07201626367101703	0.005642856105259922
0.04484496286188408	7.878622580339814E-4	3.2526826970353986E-4	0.04866318854056266	0.13403612774486662	0.4556437156140966	0.04313841979962388	0.04689529619336644	1.678078336683226E-8	0.002763624944444648	0.12985816203565892	0.013011995942958373	0.07120325318165131	0.00405042508290896	0.004777680749456697
9.12196813752641E-6	0.0012588664098294132	0.06197774764488116	0.010545435080870046	0.1842106735958675	4.3926485032281266E-9	0.01034223686903722	0.2519999052977562	0.004083556746991906	8.639714453451569E-9	1.3051160507795298E-5	0.4671421884598441	0.006606487063294379	0.0018051134989090067	5.6031717107107395E-6
0.0900208147983439	0.0017619720855259378	0.00988062143670756	0.01138621126690937	3.3710762725905867E-4	0.011617849621145955	0.007918228078347321	0.7417517616341743	7.8663271176945E-9	0.003967952686930414	0.002064926518871632	0.10165790917458735	0.010373739454917383	0.007260887731939539	1.001801324546979E-8
0.21879407943484092	2.8422044456333728E-8	0.018579103767886167	0.15459199244475247	0.005867387531885385	1.9649022068017705E-8	0.019639613771254512	0.16899439883341696	0.14730170591682223	0.07300922942425316	9.57402245510173E-6	0.014370116353589707	0.17882888276718367	1.3828185904927015E-5	3.947468824683588E-8
1.822111637904727E-5	0.42179865441000686	3.447594465380052E-8	5.0197931704704335E-5	0.09748932065521031	0.08099100918937875	0.3508654819524063	6.534129162848026E-5	0.0012725745908487849	7.446482115130917E-8	4.055405806801457E-8	0.015190775222348582	0.03221894946939578	3.9591696388288814E-8	3.9285084172223276E-5
0.16745514211530457	0.03944270885896094	0.07727623622094149	0.017894386059077477	0.15364008646612556	0.01271534065901742	0.28216977050219083	0.0597527868282675	0.04706250989253053	3.111681812573356E-5	2.8151790955654668E-8	0.016756317607585596	4.389842334927782E-6	0.027087021411287743	0.09871215856645865
5.5196790274621735E-6	7.563322432926961E-4	0.00458015369598657	0.8272948854837581	0.030127085606325592	5.330008455198438E-4	0.006829548805099167	0.014011464522987764	0.01362808857678651	0.011629443042226618	0.0029314416988073604	5.292558158422855E-9	0.012220802741056544	0.0735822843327559	0.0018699434338117864
0.18727972125912518	0.06776799868768883	0.1319988749579502	0.045259467447767744	0.10461892482533591	0.0011853954511145694	0.0016227107239435274	0.02329981167809227	0.0070516060456815716	0.039968783668476296	0.21695154241070685	0.12886514771878843	0.016258654311493474	2.2723821890803162E-4	0.027644122594927007
0.0353917652906513	0.025901458255983414	0.0789458444817558	2.0756976229127983E-4	0.15538003320743443	0.023759393831486675	0.010445916101147368	0.0022627810173282397	0.25921227280464487	0.0235576198791665	0.24626283223699819	0.02316043115156852	0.11175098413752525	0.003754207176268475	6.890665749777581E-6
0.03984156964876406	1.0737861315512522E-8	0.01583288665079973	0.03800682798061145	0.0036525724121421383	7.423409469222798E-9	1.4419217341170519E-6	0.418279447863462	0.07217429531551917	9.323629758098196E-4	0.0052520558282445895	0.22458956250324155	0.18142660027107085	1.034355377467768E-5	1.4913555163803755E-8
0.041970829120641484	0.014213223735279782	2.7950111813523887E-6	0.0013201009951740094	0.8179355935701756	0.0022278903457422015	3.058388845975272E-5	0.013724500003842286	0.01100659735998772	0.01003320167405123	0.018927769448837384	9.300336928571281E-5	0.01591100940035386	0.00869579251229824	0.04390710956468945
0.3720510863473029	1.9179805126661645E-8	8.792312176809547E-6	0.07772950273714713	0.015510074084317411	1.3259581476380071E-8	6.27264370204797E-6	0.09751242232548542	0.10420892358121908	0.3195749097400522	2.6140789169518393E-5	2.6340679539646374E-5	1.0455638376212151E-4	6.395377292787463E-4	0.012601408207460267
0.006455657430577695	2.7079181700010218E-5	0.028615973341045105	7.848786924820504E-6	0.04756046387337286	0.0014768520617747468	0.004984507666611684	0.07215158818255263	0.008181140783739911	0.6446341048688615	0.013829510376985689	0.04828639701138969	0.08241820256305489	0.03733563112391986	0.004035042747488839
0.1964306054104625	0.0011749033091260216	4.7778486529544877E-4	0.007172991593908347	0.027152802853950043	0.002108343692389722	0.011837401764572856	0.03807244166018457	4.135390087775311E-6	0.010792372383326476	0.027757863897566	0.29611588730791116	1.5322892065264506E-6	0.006538121657142681	0.37436281192487
1.1537942083916625E-5	0.019994696547954036	0.13058150294860071	2.034999649786512E-5	0.4111149276285849	1.7591662061462225E-6	0.008622252328731194	0.19808532308533872	2.3751520558728525E-5	0.08015854914827518	0.0012964306426904223	0.10562039548762342	0.006455684910685365	0.006891901616093188	0.031120937030076186
0.03296489958506355	0.02293947139806365	0.007811507000566688	0.04514866609587162	0.02152379559616857	0.04197914500971823	5.50298573545527E-4	0.7584135767040593	0.002360345206411016	7.972468281672992E-4	0.0021721263767368318	0.04960073082078282	0.00798127793173292	0.005712028597873679	4.488427523849477E-5
0.21546500253265713	3.693503997577065E-6	0.0639895513329295	5.081160491291117E-4	0.28242159090981567	0.011397800004254418	0.045670760431423874	0.15656687231610503	0.04322171826784976	0.0019363475592118235	1.814719108385934E-5	0.019915816583482054	0.11791668301860489	0.035261338893550584	0.005706561405904763
0.0750206434270827	0.009979888379148809	0.1254791934880248	0.007363266784311722	0.4722326479360053	6.220603987978329E-4	4.284160042165381E-6	2.717843835068258E-4	0.0012226133218991389	0.00566706908511269	0.016381418247481568	0.016113780956675042	0.11058034046076776	0.15886354345870177	1.9746551244193662E-4
0.01808143391042222	0.0755972855766744	0.11440476946610076	0.023071679969807708	0.41356982690496913	0.013586493736535546	0.009256280148269918	0.2732113989598688	0.007370688064013995	1.0099675210277158E-7	4.981469177651231E-5	0.032907965554712294	0.0016729015502948104	0.0029910363297039055	0.014228324140097868
1.0469441271571786E-5	0.027450325190225038	0.003317992367661634	0.10516639029229047	0.4917895541727243	0.001879380775217797	2.0653313687612474E-6	0.002981185531141724	0.17052144444941447	0.011900490900803615	0.10169579670737065	0.05198977158140958	7.204772252876249E-6	0.004656317687743013	0.026631610799104415
8.940816192275224E-8	0.0885375155683789	0.08820199450887524	0.012119005131692779	0.39006954760937534	1.393355135612889E-8	0.0220791546224256	0.017493586429861124	0.004115789426790412	0.1567055028249045	5.790084261481436E-6	0.03433144614316041	0.06336787697746178	0.12293416214396238	3.852518713671225E-5
0.1322462522798798	1.212425203947641E-6	0.11244325739632201	2.417499406048523E-5	0.027572792585121693	0.004615185843950314	0.013458985589888561	0.021802820919846033	0.0011774264879642427	0.0058645565150932605	0.003335660685601919	0.44452326852789154	0.20766607194724632	0.02525891479969549	9.419002234424003E-6
2.288294815387246E-8	0.012828490121553404	0.06473089848462031	0.004248780691233445	0.0770626752655269	0.17986515296142788	0.011829623481602394	0.1894883172293101	0.0010882012498753648	1.6844174283780868E-5	6.199088880965985E-4	0.40414435897897016	0.035798399462207336	0.017157341918806968	0.0011209842095371411
0.050801355427982434	0.007181297780261242	0.09430986969051973	0.04276931700945235	0.012127232738693023	0.03058351009216332	0.004229282518732414	0.31022525349268976	8.788375945447303E-4	0.10700476116498611	0.00521657282670894	0.044234966035978825	0.05196493868181374	0.22800375611661436	0.010469048828859035
0.04943646129297188	1.9483801635455083E-8	0.19584742555077062	0.011883666860739427	0.12931662221320894	2.322073833712886E-6	3.1566444034690816E-6	0.03798437240210966	0.38328165746115483	0.008373995908442332	0.014894613797919903	0.05696242474246956	0.019948126885699406	0.02253958435956266	0.06952555032291194
6.867129005691938E-4	0.19111189327189412	0.01984037483651917	0.006028466214319044	0.3765798501823833	0.003992840318632862	7.777486570497064E-4	0.002363249714354411	0.02161934415554045	0.015319565815886048	0.2478007562213216	0.08087162539487287	0.004311370742014803	0.011042590254924904	0.017653611319717512
0.0015916804784608903	0.24549705057884305	0.10726208302019026	3.640382631159439E-7	0.05241758194362845	0.019508384714527083	0.004225961575853925	3.52135443209939E-4	0.22595230739013353	0.08379903628177014	0.17393370684294435	0.05196846271760979	0.008107991132431087	0.024538989089254868	8.44264752879447E-4
9.779577429067555E-9	2.1043895955111765E-6	0.3262912940451055	1.4385322399994719E-5	0.11770249524263976	5.241134292936296E-5	0.0012790085618809325	0.11119073199152692	4.799445654539616E-5	9.625246304453057E-6	0.0010967210693969024	0.0060537284276819085	0.03327504718121351	0.10000884645922783	0.3029755964839745
0.06660478962859193	1.1296761395017155E-8	0.29946239416229403	1.308977009368065E-5	0.21953073966183456	0.001049257314696899	0.005375077904349899	0.003041810655418813	5.140024005528092E-6	0.06567810718299935	2.3296033551629163E-6	1.7131660848537845E-5	0.045982489727274735	0.25067062784196215	0.042567003565513364
1.1666525597579409E-5	0.002397286147814543	0.022067069675087255	3.230160476283895E-4	0.08792069678545697	0.004674818472480616	1.29145425936849E-4	0.7288183059253749	3.177745468987038E-7	7.56579345806756E-6	0.00756171417861042	0.0675391302291539	0.0309512621311591	0.021430012883699744	0.02616799200399478
0.0020369718204919837	0.0033878879851913955	0.059460838343116	0.011702859802366654	0.07387751987396113	4.201762831101287E-6	0.005404201035567657	0.1019717334615551	0.01088065442320866	0.031351578349528814	5.00693067903922E-9	0.6299214341892614	7.495530905852331E-6	0.057076123484546326	0.01291649493053724
9.13991442141202E-6	0.039928544497562946	0.038491933082244	0.026357046473967326	0.28314529404638417	8.263383398848911E-5	3.957358381413459E-6	0.0598528381781724	0.04706515118984468	0.3830472721006694	0.004352686583928861	0.02862804727550005	0.01617466483745282	0.051689879865827716	0.02117091076165422
0.19066363131002534	0.020591700460639167	0.01596789300348578	0.0784211734417201	0.009466092390965988	2.600399691236356E-4	0.005887571486329553	0.4731911957616325	0.004394123461264878	0.008652291438019575	0.0028272689646727128	0.048699332081226315	0.13101429157825153	0.0025481580389573994	0.007415236613685666
0.0907860063759981	0.005971283511659219	0.23557051528625989	0.1781617195766638	0.1653278063415592	0.005247595856305821	0.0048296269628779285	0.020432940845876033	0.03927146056199874	0.14005322610762155	0.006988284465350743	0.028204124253573607	0.054330477751147375	0.006971676131541177	0.01785325597156682
0.08185125433989647	0.05547288075623539	0.2267180452278157	4.358981038241124E-5	0.11706565685580217	0.0023959980737510876	0.12708430533381768	0.06817500737495295	0.011505637507166926	0.004543836335640258	0.30231024675287976	3.229360737656287E-8	4.7605017033753134E-5	3.8645906354726933E-8	0.0027858656751117493
0.00898162399252344	1.8012780957847456E-6	0.8019286402551503	0.03608985929030427	0.0070544465977161585	3.724902499894908E-9	0.02115420575240748	0.06495533937904072	1.494267821422054E-6	2.0663507580302664E-5	2.548519645621079E-6	0.021669965804882018	0.016156379083827114	0.01351562397921905	0.008467404566884142
